-15.02857 -0.7285709 -12.50394
-116.783462524414
-14.02857 -0.7285709 -12.50394
-86.510009765625
-15.02857 0.2714291 -12.50394
-96.6206436157227
-15.02857 -1.728571 -11.50394
-110.354736328125
-15.02857 -0.7285709 -11.50394
-109.711860656738
-14.02857 -0.7285709 -11.50394
-92.8218536376953
-15.02857 0.2714291 -11.50394
-56.7041091918945
-16.02857 1.271429 -11.50394
-164.239135742188
-16.02857 -2.728571 -10.50394
-105.97151184082
-18.02857 -1.728571 -10.50394
-257.163421630859
-17.02857 -1.728571 -10.50394
-179.609634399414
-16.02857 -1.728571 -10.50394
-96.8544158935547
-15.02857 -1.728571 -10.50394
-88.8477325439453
-19.02857 -0.7285709 -10.50394
-369.841430664063
-18.02857 -0.7285709 -10.50394
-261.195983886719
-17.02857 -0.7285709 -10.50394
-170.43408203125
-16.02857 -0.7285709 -10.50394
-76.9253692626953
-15.02857 -0.7285709 -10.50394
-56.1196823120117
-14.02857 -0.7285709 -10.50394
-94.8673553466797
-19.02857 0.2714291 -10.50394
-286.560211181641
-18.02857 0.2714291 -10.50394
-319.989593505859
-17.02857 0.2714291 -10.50394
-251.903549194336
-16.02857 0.2714291 -10.50394
-79.9059600830078
-15.02857 0.2714291 -10.50394
-15.1511764526367
9.971428 0.2714291 -10.50394
-413.03076171875
-18.02857 1.271429 -10.50394
-366.159515380859
-17.02857 1.271429 -10.50394
-333.139251708984
-16.02857 1.271429 -10.50394
-137.76448059082
-15.02857 1.271429 -10.50394
-44.4310913085938
8.971428 1.271429 -10.50394
-270.839080810547
9.971428 1.271429 -10.50394
-510.8642578125
10.97143 1.271429 -10.50394
-380.302703857422
11.97143 1.271429 -10.50394
-296.495513916016
-18.02857 2.271429 -10.50394
-239.455200195313
-17.02857 2.271429 -10.50394
-220.636581420898
-16.02857 2.271429 -10.50394
-112.224906921387
-15.02857 2.271429 -10.50394
-29.7619113922119
9.971428 2.271429 -10.50394
-537.046691894531
10.97143 2.271429 -10.50394
-422.440063476563
11.97143 2.271429 -10.50394
-281.125030517578
-17.02857 3.271429 -10.50394
-73.0681381225586
-16.02857 3.271429 -10.50394
-50.5676002502441
9.971428 3.271429 -10.50394
-206.493377685547
10.97143 3.271429 -10.50394
-115.731483459473
11.97143 3.271429 -10.50394
-155.589569091797
-17.02857 4.271429 -10.50394
-47.9376678466797
-16.02857 4.271429 -10.50394
-102.055839538574
-15.02857 4.271429 -10.50394
-12.813458442688
9.971428 4.271429 -10.50394
-174.408203125
-16.02857 5.271429 -10.50394
-66.4056396484375
-15.02857 5.271429 -10.50394
-19.4759540557861
8.971428 -6.728571 -9.503941
-399.238220214844
-16.02857 -3.728571 -9.503941
-337.171813964844
10.97143 -3.728571 -9.503941
-192.233306884766
-18.02857 -2.728571 -9.503941
-300.177429199219
-17.02857 -2.728571 -9.503941
-287.261535644531
-16.02857 -2.728571 -9.503941
-184.460388183594
9.971428 -2.728571 -9.503941
-127.478515625
10.97143 -2.728571 -9.503941
-179.375854492188
-19.02857 -1.728571 -9.503941
-386.205444335938
-18.02857 -1.728571 -9.503941
-253.247741699219
-17.02857 -1.728571 -9.503941
-332.847045898438
-16.02857 -1.728571 -9.503941
-268.559783935547
-15.02857 -1.728571 -9.503941
-123.913497924805
9.971428 -1.728571 -9.503941
-145.362060546875
10.97143 -1.728571 -9.503941
-201.291961669922
11.97143 -1.728571 -9.503941
-192.467071533203
12.97143 -1.728571 -9.503941
-237.701919555664
-19.02857 -0.7285709 -9.503941
-229.052352905273
-18.02857 -0.7285709 -9.503941
-238.111022949219
-17.02857 -0.7285709 -9.503941
-294.099365234375
-16.02857 -0.7285709 -9.503941
-200.532196044922
-15.02857 -0.7285709 -9.503941
-90.484130859375
-14.02857 -0.7285709 -9.503941
-137.238494873047
9.971428 -0.7285709 -9.503941
-253.130859375
10.97143 -0.7285709 -9.503941
-214.207855224609
11.97143 -0.7285709 -9.503941
-172.304260253906
12.97143 -0.7285709 -9.503941
-191.765762329102
13.97143 -0.7285709 -9.503941
-179.609634399414
-19.02857 0.2714291 -9.503941
-162.252075195313
-18.02857 0.2714291 -9.503941
-248.630752563477
-17.02857 0.2714291 -9.503941
-321.216888427734
-16.02857 0.2714291 -9.503941
-165.466430664063
-15.02857 0.2714291 -9.503941
-34.0866889953613
-14.02857 0.2714291 -9.503941
-102.698707580566
8.971428 0.2714291 -9.503941
-379.601379394531
9.971428 0.2714291 -9.503941
-411.745025634766
10.97143 0.2714291 -9.503941
-186.038345336914
11.97143 0.2714291 -9.503941
-151.089462280273
12.97143 0.2714291 -9.503941
-158.803939819336
-19.02857 1.271429 -9.503941
-259.208923339844
-18.02857 1.271429 -9.503941
-172.888687133789
-17.02857 1.271429 -9.503941
-218.591064453125
-16.02857 1.271429 -9.503941
-128.588928222656
-15.02857 1.271429 -9.503941
-38.4114685058594
8.971428 1.271429 -9.503941
-251.611343383789
9.971428 1.271429 -9.503941
-283.754943847656
10.97143 1.271429 -9.503941
-174.057540893555
11.97143 1.271429 -9.503941
-113.861312866211
12.97143 1.271429 -9.503941
-66.1134262084961
-19.02857 2.271429 -9.503941
-205.616744995117
-18.02857 2.271429 -9.503941
-111.582038879395
-17.02857 2.271429 -9.503941
-96.6206436157227
-16.02857 2.271429 -9.503941
-70.6719741821289
-15.02857 2.271429 -9.503941
-33.2684898376465
9.971428 2.271429 -9.503941
-170.843185424805
10.97143 2.271429 -9.503941
-128.881149291992
11.97143 2.271429 -9.503941
-121.809555053711
12.97143 2.271429 -9.503941
-74.4707641601563
-18.02857 3.271429 -9.503941
-108.952102661133
-17.02857 3.271429 -9.503941
57.610294342041
-16.02857 3.271429 -9.503941
22.6029682159424
-15.02857 3.271429 -9.503941
12.1416797637939
9.971428 3.271429 -9.503941
30.0252227783203
10.97143 3.271429 -9.503941
13.9534120559692
11.97143 3.271429 -9.503941
-70.7888641357422
12.97143 3.271429 -9.503941
-90.6594619750977
-17.02857 4.271429 -9.503941
-68.6849136352539
-16.02857 4.271429 -9.503941
-76.8084869384766
-15.02857 4.271429 -9.503941
14.9469423294067
-14.02857 4.271429 -9.503941
62.9870452880859
9.971428 4.271429 -9.503941
-185.337036132813
10.97143 4.271429 -9.503941
-136.361846923828
11.97143 4.271429 -9.503941
-53.5481910705566
12.97143 4.271429 -9.503941
-22.573429107666
-16.02857 5.271429 -9.503941
-74.9967498779297
-15.02857 5.271429 -9.503941
2.96613788604736
9.971428 5.271429 -9.503941
-51.6195755004883
-15.02857 -8.728571 -8.503941
-170.492523193359
-15.02857 -7.728571 -8.503941
-203.337463378906
8.971428 -6.728571 -8.503941
-322.093536376953
10.97143 -5.728571 -8.503941
-221.688552856445
9.971428 -4.728571 -8.503941
-84.9904937744141
10.97143 -4.728571 -8.503941
-146.823135375977
-18.02857 -3.728571 -8.503941
-434.303985595703
-17.02857 -3.728571 -8.503941
-519.455383300781
-16.02857 -3.728571 -8.503941
-564.047302246094
9.971428 -3.728571 -8.503941
-67.4576110839844
10.97143 -3.728571 -8.503941
-147.933547973633
11.97143 -3.728571 -8.503941
-161.375427246094
-19.02857 -2.728571 -8.503941
-298.950134277344
-18.02857 -2.728571 -8.503941
-179.025192260742
-17.02857 -2.728571 -8.503941
-290.534332275391
-16.02857 -2.728571 -8.503941
-361.659393310547
-15.02857 -2.728571 -8.503941
-254.358154296875
9.971428 -2.728571 -8.503941
-64.9445648193359
10.97143 -2.728571 -8.503941
-115.205497741699
11.97143 -2.728571 -8.503941
-108.718330383301
12.97143 -2.728571 -8.503941
-163.362487792969
-19.02857 -1.728571 -8.503941
-215.084503173828
-18.02857 -1.728571 -8.503941
-155.180480957031
-17.02857 -1.728571 -8.503941
-306.547698974609
-16.02857 -1.728571 -8.503941
-333.489898681641
-15.02857 -1.728571 -8.503941
-192.233306884766
9.971428 -1.728571 -8.503941
-29.8203544616699
10.97143 -1.728571 -8.503941
-73.0096893310547
11.97143 -1.728571 -8.503941
-77.9773406982422
12.97143 -1.728571 -8.503941
-84.4645080566406
-19.02857 -0.7285709 -8.503941
-94.6335830688477
-18.02857 -0.7285709 -8.503941
-145.829605102539
-17.02857 -0.7285709 -8.503941
-256.988098144531
-16.02857 -0.7285709 -8.503941
-232.50048828125
-15.02857 -0.7285709 -8.503941
-135.134552001953
9.971428 -0.7285709 -8.503941
-134.725448608398
10.97143 -0.7285709 -8.503941
-103.575355529785
11.97143 -0.7285709 -8.503941
-83.8800811767578
12.97143 -0.7285709 -8.503941
-47.6454544067383
-19.02857 0.2714291 -8.503941
-141.73860168457
-18.02857 0.2714291 -8.503941
-131.043533325195
-17.02857 0.2714291 -8.503941
-122.335540771484
-16.02857 0.2714291 -8.503941
-86.3346862792969
-15.02857 0.2714291 -8.503941
-58.8080558776855
8.971428 0.2714291 -8.503941
-233.377136230469
9.971428 0.2714291 -8.503941
-148.693313598633
10.97143 0.2714291 -8.503941
-76.8084869384766
11.97143 0.2714291 -8.503941
-29.4696979522705
12.97143 0.2714291 -8.503941
-17.3720073699951
-19.02857 1.271429 -8.503941
-116.140586853027
-18.02857 1.271429 -8.503941
-74.7045364379883
-17.02857 1.271429 -8.503941
-66.9900665283203
-16.02857 1.271429 -8.503941
-61.6133193969727
-15.02857 1.271429 -8.503941
-52.6715469360352
9.971428 1.271429 -8.503941
-40.3400840759277
10.97143 1.271429 -8.503941
-52.4377746582031
11.97143 1.271429 -8.503941
-13.3394441604614
12.97143 1.271429 -8.503941
16.9924449920654
-19.02857 2.271429 -8.503941
-52.9637603759766
-18.02857 2.271429 -8.503941
-7.08604907989502
-17.02857 2.271429 -8.503941
30.4927654266357
-16.02857 2.271429 -8.503941
-0.657325029373169
-15.02857 2.271429 -8.503941
-68.1589279174805
9.971428 2.271429 -8.503941
23.4211692810059
10.97143 2.271429 -8.503941
-42.1518173217773
11.97143 2.271429 -8.503941
-83.9969635009766
12.97143 2.271429 -8.503941
-39.4634399414063
13.97143 2.271429 -8.503941
-41.4505004882813
-18.02857 3.271429 -8.503941
-93.2893981933594
-17.02857 3.271429 -8.503941
-42.2687034606934
-16.02857 3.271429 -8.503941
-25.0864753723145
-15.02857 3.271429 -8.503941
-31.8658580780029
9.971428 3.271429 -8.503941
-109.828750610352
10.97143 3.271429 -8.503941
-100.244102478027
11.97143 3.271429 -8.503941
-74.7629776000977
12.97143 3.271429 -8.503941
-56.2950096130371
-17.02857 4.271429 -8.503941
-82.9449920654297
-16.02857 4.271429 -8.503941
-87.7373123168945
9.971428 4.271429 -8.503941
-139.809982299805
10.97143 4.271429 -8.503941
-73.7110061645508
11.97143 4.271429 -8.503941
-31.0476570129395
12.97143 4.271429 -8.503941
-39.3465538024902
10.97143 5.271429 -8.503941
-5.80030393600464
-13.02857 -10.72857 -7.503941
-321.6259765625
-15.02857 -8.728571 -7.503941
-294.274688720703
-15.02857 -7.728571 -7.503941
-320.398681640625
-17.02857 -6.728571 -7.503941
-195.973648071289
-16.02857 -6.728571 -7.503941
-340.795288085938
8.971428 -6.728571 -7.503941
-192.993057250977
9.971428 -6.728571 -7.503941
-193.168395996094
-18.02857 -5.728571 -7.503941
-270.780609130859
8.971428 -5.728571 -7.503941
-53.1390914916992
9.971428 -5.728571 -7.503941
-92.1789779663086
10.97143 -5.728571 -7.503941
-79.2630844116211
-18.02857 -4.728571 -7.503941
-354.003387451172
-17.02857 -4.728571 -7.503941
-484.798706054688
-16.02857 -4.728571 -7.503941
-647.036315917969
8.971428 -4.728571 -7.503941
27.1030750274658
9.971428 -4.728571 -7.503941
-26.72287940979
10.97143 -4.728571 -7.503941
-110.997604370117
11.97143 -4.728571 -7.503941
-147.875106811523
-19.02857 -3.728571 -7.503941
-66.2887573242188
-18.02857 -3.728571 -7.503941
-161.726089477539
-17.02857 -3.728571 -7.503941
-206.610275268555
-16.02857 -3.728571 -7.503941
-387.958740234375
8.971428 -3.728571 -7.503941
8.98576068878174
9.971428 -3.728571 -7.503941
-22.5149879455566
10.97143 -3.728571 -7.503941
-127.653846740723
11.97143 -3.728571 -7.503941
-42.7946891784668
12.97143 -3.728571 -7.503941
-110.004081726074
-19.02857 -2.728571 -7.503941
-61.554874420166
-18.02857 -2.728571 -7.503941
-48.9896430969238
-17.02857 -2.728571 -7.503941
-130.868209838867
-16.02857 -2.728571 -7.503941
-233.961563110352
-15.02857 -2.728571 -7.503941
-261.429748535156
8.971428 -2.728571 -7.503941
-27.3073081970215
9.971428 -2.728571 -7.503941
-43.9051055908203
10.97143 -2.728571 -7.503941
-71.0810775756836
11.97143 -2.728571 -7.503941
-9.0146656036377
12.97143 -2.728571 -7.503941
-18.0733222961426
13.97143 -2.728571 -7.503941
-34.495792388916
-19.02857 -1.728571 -7.503941
-28.242395401001
-18.02857 -1.728571 -7.503941
-73.8863372802734
-17.02857 -1.728571 -7.503941
-188.609848022461
-16.02857 -1.728571 -7.503941
-187.090316772461
-15.02857 -1.728571 -7.503941
-140.277526855469
8.971428 -1.728571 -7.503941
-35.4893226623535
9.971428 -1.728571 -7.503941
2.20637989044189
10.97143 -1.728571 -7.503941
-42.6778030395508
11.97143 -1.728571 -7.503941
-12.9887866973877
12.97143 -1.728571 -7.503941
16.349573135376
-19.02857 -0.7285709 -7.503941
-37.3594932556152
-18.02857 -0.7285709 -7.503941
-66.6394119262695
-17.02857 -0.7285709 -7.503941
-87.2113265991211
-16.02857 -0.7285709 -7.503941
-42.9700164794922
-15.02857 -0.7285709 -7.503941
-62.8990631103516
9.971428 -0.7285709 -7.503941
0.453090995550156
10.97143 -0.7285709 -7.503941
-40.6907424926758
11.97143 -0.7285709 -7.503941
26.6355304718018
12.97143 -0.7285709 -7.503941
54.8634757995605
-19.02857 0.2714291 -7.503941
-13.9238739013672
-18.02857 0.2714291 -7.503941
-46.4765968322754
-17.02857 0.2714291 -7.503941
-13.1056718826294
-16.02857 0.2714291 -7.503941
51.8244400024414
-15.02857 0.2714291 -7.503941
0.979077994823456
9.971428 0.2714291 -7.503941
-27.0735378265381
10.97143 0.2714291 -7.503941
-15.7356052398682
11.97143 0.2714291 -7.503941
103.897109985352
12.97143 0.2714291 -7.503941
47.6165504455566
-19.02857 1.271429 -7.503941
60.3571128845215
-18.02857 1.271429 -7.503941
-5.85874700546265
-17.02857 1.271429 -7.503941
-58.1067428588867
-16.02857 1.271429 -7.503941
-20.4110412597656
-15.02857 1.271429 -7.503941
-6.15096187591553
9.971428 1.271429 -7.503941
-19.5928382873535
10.97143 1.271429 -7.503941
-37.4763793945313
11.97143 1.271429 -7.503941
20.9665641784668
12.97143 1.271429 -7.503941
3.90122509002686
-19.02857 2.271429 -7.503941
49.662052154541
-18.02857 2.271429 -7.503941
-25.1449184417725
-17.02857 2.271429 -7.503941
-34.028247833252
-16.02857 2.271429 -7.503941
4.13499689102173
-15.02857 2.271429 -7.503941
-14.0992031097412
9.971428 2.271429 -7.503941
-56.7041091918945
10.97143 2.271429 -7.503941
-98.2570419311523
11.97143 2.271429 -7.503941
-73.4187927246094
12.97143 2.271429 -7.503941
-53.5481910705566
10.97143 3.271429 -7.503941
-112.517120361328
11.97143 3.271429 -7.503941
-99.8934478759766
12.97143 3.271429 -7.503941
-62.4899635314941
10.97143 4.271429 -7.503941
-57.4638671875
11.97143 4.271429 -7.503941
-83.7047500610352
4.971428 -12.72857 -6.503941
-32.3334007263184
-12.02857 -11.72857 -6.503941
-299.067016601563
5.971428 -11.72857 -6.503941
-136.712509155273
6.971428 -11.72857 -6.503941
-71.7239456176758
7.971428 -11.72857 -6.503941
-139.459320068359
-13.02857 -10.72857 -6.503941
-373.28955078125
6.971428 -10.72857 -6.503941
-137.413818359375
7.971428 -10.72857 -6.503941
-74.6460952758789
7.971428 -9.728571 -6.503941
-70.6135330200195
8.971428 -9.728571 -6.503941
-46.1259384155273
-16.02857 -8.728571 -6.503941
-102.640266418457
-15.02857 -8.728571 -6.503941
-266.923400878906
8.971428 -8.728571 -6.503941
-75.8149566650391
9.971428 -8.728571 -6.503941
-41.9180450439453
-18.02857 -7.728571 -6.503941
-187.090316772461
-17.02857 -7.728571 -6.503941
-118.478302001953
-16.02857 -7.728571 -6.503941
-198.194488525391
-15.02857 -7.728571 -6.503941
-338.165344238281
8.971428 -7.728571 -6.503941
-73.8278961181641
9.971428 -7.728571 -6.503941
-84.0554122924805
10.97143 -7.728571 -6.503941
41.7722549438477
-18.02857 -6.728571 -6.503941
-86.3931274414063
-17.02857 -6.728571 -6.503941
-103.633796691895
-16.02857 -6.728571 -6.503941
-270.897521972656
-15.02857 -6.728571 -6.503941
-451.778442382813
8.971428 -6.728571 -6.503941
-47.7623405456543
9.971428 -6.728571 -6.503941
-49.1065254211426
10.97143 -6.728571 -6.503941
49.895824432373
11.97143 -6.728571 -6.503941
-15.9693765640259
-19.02857 -5.728571 -6.503941
-139.809982299805
-18.02857 -5.728571 -6.503941
-62.6068496704102
8.971428 -5.728571 -6.503941
16.8755588531494
9.971428 -5.728571 -6.503941
-29.7619113922119
10.97143 -5.728571 -6.503941
-24.443603515625
11.97143 -5.728571 -6.503941
-102.640266418457
-19.02857 -4.728571 -6.503941
-22.3396587371826
-18.02857 -4.728571 -6.503941
-73.8863372802734
-17.02857 -4.728571 -6.503941
-120.757583618164
8.971428 -4.728571 -6.503941
35.6357460021973
9.971428 -4.728571 -6.503941
-34.028247833252
10.97143 -4.728571 -6.503941
-111.348266601563
11.97143 -4.728571 -6.503941
-30.5801124572754
12.97143 -4.728571 -6.503941
-21.8721141815186
-20.02857 -3.728571 -6.503941
38.0903472900391
-19.02857 -3.728571 -6.503941
52.5257568359375
-18.02857 -3.728571 -6.503941
8.05067443847656
-17.02857 -3.728571 -6.503941
-24.209831237793
-16.02857 -3.728571 -6.503941
-131.277313232422
-15.02857 -3.728571 -6.503941
-157.576629638672
8.971428 -3.728571 -6.503941
94.3709030151367
9.971428 -3.728571 -6.503941
-78.5617752075195
10.97143 -3.728571 -6.503941
-70.9057464599609
11.97143 -3.728571 -6.503941
44.1684150695801
12.97143 -3.728571 -6.503941
28.2134914398193
13.97143 -3.728571 -6.503941
-24.8527050018311
-20.02857 -2.728571 -6.503941
78.2406539916992
-19.02857 -2.728571 -6.503941
52.9348564147949
-18.02857 -2.728571 -6.503941
-7.67047786712646
-17.02857 -2.728571 -6.503941
-123.971939086914
-16.02857 -2.728571 -6.503941
-90.8347930908203
-15.02857 -2.728571 -6.503941
-124.497924804688
8.971428 -2.728571 -6.503941
20.0899219512939
9.971428 -2.728571 -6.503941
-87.9710845947266
10.97143 -2.728571 -6.503941
-9.54065322875977
11.97143 -2.728571 -6.503941
61.6428565979004
12.97143 -2.728571 -6.503941
76.2535934448242
-20.02857 -1.728571 -6.503941
88.8772659301758
-19.02857 -1.728571 -6.503941
41.1293830871582
-18.02857 -1.728571 -6.503941
22.4860820770264
-17.02857 -1.728571 -6.503941
-121.108238220215
-16.02857 -1.728571 -6.503941
-74.5292053222656
-15.02857 -1.728571 -6.503941
-48.2298812866211
8.971428 -1.728571 -6.503941
-21.5799007415771
9.971428 -1.728571 -6.503941
-44.7817497253418
10.97143 -1.728571 -6.503941
12.25856590271
11.97143 -1.728571 -6.503941
34.7006568908691
12.97143 -1.728571 -6.503941
70.7015151977539
-19.02857 -0.7285709 -6.503941
47.791877746582
-18.02857 -0.7285709 -6.503941
27.7459468841553
-17.02857 -0.7285709 -6.503941
-49.1649703979492
-16.02857 -0.7285709 -6.503941
29.4407920837402
-15.02857 -0.7285709 -6.503941
32.7135963439941
9.971428 -0.7285709 -6.503941
-39.4634399414063
10.97143 -0.7285709 -6.503941
-3.75480103492737
11.97143 -0.7285709 -6.503941
91.5072021484375
-19.02857 0.2714291 -6.503941
114.592163085938
-18.02857 0.2714291 -6.503941
55.9738883972168
-17.02857 0.2714291 -6.503941
-81.542366027832
-16.02857 0.2714291 -6.503941
-30.5216693878174
-15.02857 0.2714291 -6.503941
62.7532730102539
11.97143 0.2714291 -6.503941
143.579864501953
-19.02857 1.271429 -6.503941
93.7864761352539
-18.02857 1.271429 -6.503941
47.9672088623047
-17.02857 1.271429 -6.503941
-60.4444580078125
-16.02857 1.271429 -6.503941
-17.1382350921631
11.97143 1.271429 -6.503941
21.4925518035889
12.97143 1.271429 -6.503941
-39.5803260803223
-19.02857 2.271429 -6.503941
67.0780487060547
-18.02857 2.271429 -6.503941
10.0961771011353
-17.02857 2.271429 -6.503941
-31.6320858001709
10.97143 2.271429 -6.503941
-129.640914916992
11.97143 2.271429 -6.503941
-97.5557327270508
10.97143 3.271429 -6.503941
-133.205932617188
11.97143 3.271429 -6.503941
-146.823135375977
4.971428 -13.72857 -5.503941
44.6359596252441
-11.02857 -12.72857 -5.503941
-264.994781494141
4.971428 -12.72857 -5.503941
50.3633689880371
5.971428 -12.72857 -5.503941
-4.3976731300354
6.971428 -12.72857 -5.503941
-18.716194152832
7.971428 -12.72857 -5.503941
-161.433868408203
-14.02857 -11.72857 -5.503941
-83.4709777832031
-13.02857 -11.72857 -5.503941
-146.881576538086
-12.02857 -11.72857 -5.503941
-143.316558837891
5.971428 -11.72857 -5.503941
-112.634010314941
6.971428 -11.72857 -5.503941
-86.510009765625
7.971428 -11.72857 -5.503941
-41.9180450439453
8.971428 -11.72857 -5.503941
-115.380828857422
-15.02857 -10.72857 -5.503941
-68.7433547973633
-14.02857 -10.72857 -5.503941
-145.245178222656
6.971428 -10.72857 -5.503941
-101.705177307129
7.971428 -10.72857 -5.503941
-23.9176177978516
8.971428 -10.72857 -5.503941
-20.5863704681396
9.971428 -10.72857 -5.503941
-16.0278205871582
-17.02857 -9.728571 -5.503941
-41.5089454650879
-16.02857 -9.728571 -5.503941
-16.5538063049316
-15.02857 -9.728571 -5.503941
-103.458465576172
7.971428 -9.728571 -5.503941
-39.8140983581543
8.971428 -9.728571 -5.503941
0.0439909994602203
9.971428 -9.728571 -5.503941
64.2143478393555
-18.02857 -8.728571 -5.503941
-128.062942504883
-17.02857 -8.728571 -5.503941
-44.5479774475098
-16.02857 -8.728571 -5.503941
-81.3670349121094
-15.02857 -8.728571 -5.503941
-171.310729980469
8.971428 -8.728571 -5.503941
-0.540439009666443
9.971428 -8.728571 -5.503941
21.2587795257568
10.97143 -8.728571 -5.503941
57.610294342041
-18.02857 -7.728571 -5.503941
-21.2876853942871
-17.02857 -7.728571 -5.503941
-58.3405113220215
-16.02857 -7.728571 -5.503941
-138.816452026367
-15.02857 -7.728571 -5.503941
-172.888687133789
8.971428 -7.728571 -5.503941
-11.8783712387085
9.971428 -7.728571 -5.503941
17.1677742004395
10.97143 -7.728571 -5.503941
73.3314437866211
11.97143 -7.728571 -5.503941
83.7342910766602
-19.02857 -6.728571 -5.503941
-32.4502868652344
-18.02857 -6.728571 -5.503941
6.35582876205444
-17.02857 -6.728571 -5.503941
-76.1656112670898
-16.02857 -6.728571 -5.503941
-174.232879638672
-15.02857 -6.728571 -5.503941
-188.902053833008
8.971428 -6.728571 -5.503941
6.64804410934448
9.971428 -6.728571 -5.503941
49.311393737793
10.97143 -6.728571 -5.503941
59.0713653564453
11.97143 -6.728571 -5.503941
-19.0668525695801
12.97143 -6.728571 -5.503941
-10.4172973632813
-19.02857 -5.728571 -5.503941
4.77786922454834
-18.02857 -5.728571 -5.503941
-3.98857307434082
-17.02857 -5.728571 -5.503941
-46.7688102722168
8.971428 -5.728571 -5.503941
9.10264682769775
9.971428 -5.728571 -5.503941
-93.5816116333008
10.97143 -5.728571 -5.503941
-33.0931587219238
11.97143 -5.728571 -5.503941
-19.8850536346436
12.97143 -5.728571 -5.503941
121.13777923584
-20.02857 -4.728571 -5.503941
44.4606285095215
-19.02857 -4.728571 -5.503941
69.181999206543
-18.02857 -4.728571 -5.503941
33.4733543395996
-17.02857 -4.728571 -5.503941
1.85572195053101
-16.02857 -4.728571 -5.503941
-69.3277893066406
-15.02857 -4.728571 -5.503941
31.4278526306152
8.971428 -4.728571 -5.503941
-16.3200340270996
9.971428 -4.728571 -5.503941
-90.7763442993164
10.97143 -4.728571 -5.503941
-41.3920593261719
11.97143 -4.728571 -5.503941
39.6683082580566
12.97143 -4.728571 -5.503941
115.761024475098
13.97143 -4.728571 -5.503941
-34.2035751342773
-20.02857 -3.728571 -5.503941
51.3568992614746
-19.02857 -3.728571 -5.503941
19.5054912567139
-18.02857 -3.728571 -5.503941
73.9743194580078
-17.02857 -3.728571 -5.503941
-55.5936965942383
-16.02857 -3.728571 -5.503941
-94.9842376708984
-15.02857 -3.728571 -5.503941
-42.2102584838867
8.971428 -3.728571 -5.503941
-0.949540019035339
9.971428 -3.728571 -5.503941
-103.516914367676
10.97143 -3.728571 -5.503941
5.30385589599609
11.97143 -3.728571 -5.503941
89.5785827636719
12.97143 -3.728571 -5.503941
90.1045684814453
-20.02857 -2.728571 -5.503941
99.2801132202148
-19.02857 -2.728571 -5.503941
38.6163368225098
-18.02857 -2.728571 -5.503941
100.507415771484
-17.02857 -2.728571 -5.503941
-84.8736114501953
-16.02857 -2.728571 -5.503941
-80.6072769165039
-15.02857 -2.728571 -5.503941
-30.463228225708
8.971428 -2.728571 -5.503941
-37.7101516723633
9.971428 -2.728571 -5.503941
-100.302551269531
10.97143 -2.728571 -5.503941
61.4675254821777
11.97143 -2.728571 -5.503941
65.675422668457
12.97143 -2.728571 -5.503941
107.462127685547
-19.02857 -1.728571 -5.503941
74.7340774536133
-18.02857 -1.728571 -5.503941
147.78776550293
-17.02857 -1.728571 -5.503941
-94.0491561889648
-16.02857 -1.728571 -5.503941
-81.7761383056641
-15.02857 -1.728571 -5.503941
3.19990992546082
8.971428 -1.728571 -5.503941
-62.8406181335449
9.971428 -1.728571 -5.503941
-101.763618469238
10.97143 -1.728571 -5.503941
21.9600944519043
11.97143 -1.728571 -5.503941
31.6031818389893
-19.02857 -0.7285709 -5.503941
103.780220031738
-18.02857 -0.7285709 -5.503941
127.683387756348
-17.02857 -0.7285709 -5.503941
-29.0605964660645
-16.02857 -0.7285709 -5.503941
-3.57947206497192
9.971428 -0.7285709 -5.503941
-93.9322662353516
10.97143 -0.7285709 -5.503941
-6.38473415374756
11.97143 -0.7285709 -5.503941
63.45458984375
-19.02857 0.2714291 -5.503941
114.942825317383
-18.02857 0.2714291 -5.503941
130.663970947266
-17.02857 0.2714291 -5.503941
-20.5863704681396
-16.02857 0.2714291 -5.503941
-21.2292423248291
10.97143 0.2714291 -5.503941
-14.3329744338989
11.97143 0.2714291 -5.503941
74.850959777832
-18.02857 1.271429 -5.503941
101.150291442871
-17.02857 1.271429 -5.503941
13.0183248519897
-16.02857 1.271429 -5.503941
36.6292762756348
10.97143 1.271429 -5.503941
-107.724800109863
11.97143 1.271429 -5.503941
-68.9186859130859
2.971428 -15.72857 -4.503941
7.17402982711792
-11.02857 -14.72857 -4.503941
-100.185661315918
-10.02857 -14.72857 -4.503941
-54.5417213439941
3.971428 -14.72857 -4.503941
61.5259704589844
4.971428 -14.72857 -4.503941
81.3381271362305
5.971428 -14.72857 -4.503941
-77.9773406982422
-14.02857 -13.72857 -4.503941
-56.8209953308105
-13.02857 -13.72857 -4.503941
-77.8020172119141
-12.02857 -13.72857 -4.503941
-119.354949951172
-11.02857 -13.72857 -4.503941
-45.4246215820313
-10.02857 -13.72857 -4.503941
4.19343996047974
-9.028572 -13.72857 -4.503941
-26.4306640625
3.971428 -13.72857 -4.503941
108.806312561035
4.971428 -13.72857 -4.503941
158.015274047852
5.971428 -13.72857 -4.503941
70.876838684082
6.971428 -13.72857 -4.503941
5.18697023391724
7.971428 -13.72857 -4.503941
-200.064651489258
-15.02857 -12.72857 -4.503941
-51.7949028015137
-14.02857 -12.72857 -4.503941
10.563720703125
-13.02857 -12.72857 -4.503941
-30.8723278045654
-12.02857 -12.72857 -4.503941
-66.1718673706055
-11.02857 -12.72857 -4.503941
-46.0674934387207
4.971428 -12.72857 -4.503941
63.8052444458008
5.971428 -12.72857 -4.503941
-16.6122493743896
6.971428 -12.72857 -4.503941
-35.0217781066895
7.971428 -12.72857 -4.503941
-36.7166213989258
8.971428 -12.72857 -4.503941
-193.51904296875
-16.02857 -11.72857 -4.503941
5.77139902114868
-15.02857 -11.72857 -4.503941
60.4739952087402
-14.02857 -11.72857 -4.503941
66.1429595947266
-13.02857 -11.72857 -4.503941
5.8882851600647
-12.02857 -11.72857 -4.503941
-6.67694807052612
4.971428 -11.72857 -4.503941
-47.5870094299316
5.971428 -11.72857 -4.503941
-90.1919174194336
6.971428 -11.72857 -4.503941
-48.6974258422852
7.971428 -11.72857 -4.503941
41.830696105957
8.971428 -11.72857 -4.503941
-61.6133193969727
9.971428 -11.72857 -4.503941
-28.0086231231689
-17.02857 -10.72857 -4.503941
-3.46258592605591
-16.02857 -10.72857 -4.503941
-28.476167678833
-15.02857 -10.72857 -4.503941
61.8181838989258
-14.02857 -10.72857 -4.503941
37.5643615722656
5.971428 -10.72857 -4.503941
-86.510009765625
6.971428 -10.72857 -4.503941
-31.5736446380615
7.971428 -10.72857 -4.503941
-17.3720073699951
8.971428 -10.72857 -4.503941
-16.5538063049316
9.971428 -10.72857 -4.503941
2.90769505500793
-18.02857 -9.728571 -4.503941
-86.6853408813477
-17.02857 -9.728571 -4.503941
-11.2939405441284
-16.02857 -9.728571 -4.503941
-51.9702301025391
-15.02857 -9.728571 -4.503941
-28.7099380493164
7.971428 -9.728571 -4.503941
-35.1971054077148
8.971428 -9.728571 -4.503941
10.3299493789673
9.971428 -9.728571 -4.503941
42.8242263793945
10.97143 -9.728571 -4.503941
86.9486541748047
-18.02857 -8.728571 -4.503941
48.4347496032715
-17.02857 -8.728571 -4.503941
-35.3724365234375
-16.02857 -8.728571 -4.503941
-96.3868713378906
-15.02857 -8.728571 -4.503941
-94.1660385131836
8.971428 -8.728571 -4.503941
34.9344291687012
9.971428 -8.728571 -4.503941
64.3896713256836
10.97143 -8.728571 -4.503941
87.8252944946289
11.97143 -8.728571 -4.503941
24.6484718322754
-18.02857 -7.728571 -4.503941
69.2988815307617
-17.02857 -7.728571 -4.503941
-59.0418281555176
-16.02857 -7.728571 -4.503941
-96.6206436157227
-15.02857 -7.728571 -4.503941
-22.8656444549561
8.971428 -7.728571 -4.503941
18.453519821167
9.971428 -7.728571 -4.503941
139.313537597656
10.97143 -7.728571 -4.503941
85.1369247436523
11.97143 -7.728571 -4.503941
102.494476318359
-19.02857 -6.728571 -4.503941
52.2335433959961
-18.02857 -6.728571 -4.503941
22.1354236602783
-17.02857 -6.728571 -4.503941
-55.0677070617676
-16.02857 -6.728571 -4.503941
-73.0681381225586
-15.02857 -6.728571 -4.503941
-7.9626932144165
8.971428 -6.728571 -4.503941
20.9081211090088
9.971428 -6.728571 -4.503941
31.6031818389893
10.97143 -6.728571 -4.503941
56.0323333740234
11.97143 -6.728571 -4.503941
53.0517425537109
12.97143 -6.728571 -4.503941
109.098526000977
-20.02857 -5.728571 -4.503941
84.4940490722656
-19.02857 -5.728571 -4.503941
45.337272644043
-18.02857 -5.728571 -4.503941
-19.8266105651855
-17.02857 -5.728571 -4.503941
-25.8462352752686
-16.02857 -5.728571 -4.503941
-31.5736446380615
8.971428 -5.728571 -4.503941
-29.4696979522705
9.971428 -5.728571 -4.503941
-65.412109375
10.97143 -5.728571 -4.503941
13.7196397781372
11.97143 -5.728571 -4.503941
59.4220237731934
12.97143 -5.728571 -4.503941
199.918869018555
13.97143 -5.728571 -4.503941
-23.7422885894775
-20.02857 -4.728571 -4.503941
65.5585327148438
-19.02857 -4.728571 -4.503941
12.8429956436157
-18.02857 -4.728571 -4.503941
37.5643615722656
-17.02857 -4.728571 -4.503941
-17.3135643005371
-16.02857 -4.728571 -4.503941
-70.2628707885742
8.971428 -4.728571 -4.503941
-115.789932250977
9.971428 -4.728571 -4.503941
-78.9124298095703
10.97143 -4.728571 -4.503941
44.9281730651855
11.97143 -4.728571 -4.503941
97.8190383911133
12.97143 -4.728571 -4.503941
100.916519165039
13.97143 -4.728571 -4.503941
131.189956665039
-20.02857 -3.728571 -4.503941
75.1431732177734
-19.02857 -3.728571 -4.503941
-1.6508549451828
-18.02857 -3.728571 -4.503941
109.098526000977
-17.02857 -3.728571 -4.503941
-3.11192893981934
-16.02857 -3.728571 -4.503941
-75.8149566650391
-15.02857 -3.728571 -4.503941
-13.8654308319092
8.971428 -3.728571 -4.503941
-81.074821472168
9.971428 -3.728571 -4.503941
-84.4645080566406
10.97143 -3.728571 -4.503941
15.8820285797119
11.97143 -3.728571 -4.503941
69.649543762207
12.97143 -3.728571 -4.503941
157.489288330078
-19.02857 -2.728571 -4.503941
28.2719345092773
-18.02857 -2.728571 -4.503941
127.332725524902
-17.02857 -2.728571 -4.503941
0.803749024868011
-16.02857 -2.728571 -4.503941
-54.8923797607422
-15.02857 -2.728571 -4.503941
13.6027536392212
8.971428 -2.728571 -4.503941
-91.7114334106445
9.971428 -2.728571 -4.503941
-94.9842376708984
10.97143 -2.728571 -4.503941
36.2201728820801
11.97143 -2.728571 -4.503941
74.7340774536133
-19.02857 -1.728571 -4.503941
32.7135963439941
-18.02857 -1.728571 -4.503941
113.423309326172
-17.02857 -1.728571 -4.503941
-18.0148792266846
-16.02857 -1.728571 -4.503941
-22.2812156677246
8.971428 -1.728571 -4.503941
-83.4125366210938
9.971428 -1.728571 -4.503941
-130.108444213867
10.97143 -1.728571 -4.503941
0.569976985454559
-18.02857 -0.7285709 -4.503941
164.210220336914
-17.02857 -0.7285709 -4.503941
28.5057067871094
-16.02857 -0.7285709 -4.503941
20.0314788818359
9.971428 -0.7285709 -4.503941
-142.849014282227
10.97143 -0.7285709 -4.503941
-38.4114685058594
-17.02857 0.2714291 -4.503941
48.0256500244141
9.971428 0.2714291 -4.503941
-174.115997314453
10.97143 0.2714291 -4.503941
-110.062522888184
3.971428 18.27143 -4.503941
-29.4696979522705
4.971428 18.27143 -4.503941
13.4858684539795
3.971428 19.27143 -4.503941
60.5324401855469
4.971428 19.27143 -4.503941
51.9413261413574
5.971428 19.27143 -4.503941
39.1423225402832
3.971428 20.27143 -4.503941
133.46923828125
4.971428 20.27143 -4.503941
104.773750305176
-10.02857 -15.72857 -3.503941
-60.5613441467285
-9.028572 -15.72857 -3.503941
-20.2941551208496
-8.028572 -15.72857 -3.503941
-0.131338000297546
2.971428 -15.72857 -3.503941
81.6887893676758
3.971428 -15.72857 -3.503941
30.7849807739258
-13.02857 -14.72857 -3.503941
-6.09251880645752
-12.02857 -14.72857 -3.503941
-38.1776962280273
-11.02857 -14.72857 -3.503941
-14.4498596191406
-10.02857 -14.72857 -3.503941
4.13499689102173
-9.028572 -14.72857 -3.503941
33.8824577331543
-8.028572 -14.72857 -3.503941
-17.5473365783691
-7.028572 -14.72857 -3.503941
-205.382965087891
2.971428 -14.72857 -3.503941
114.358390808105
3.971428 -14.72857 -3.503941
125.111892700195
4.971428 -14.72857 -3.503941
257.952728271484
5.971428 -14.72857 -3.503941
64.3312301635742
6.971428 -14.72857 -3.503941
-45.5999526977539
-15.02857 -13.72857 -3.503941
-62.1393051147461
-14.02857 -13.72857 -3.503941
81.8641128540039
-13.02857 -13.72857 -3.503941
85.0200347900391
-12.02857 -13.72857 -3.503941
4.54409694671631
-11.02857 -13.72857 -3.503941
21.7263240814209
-10.02857 -13.72857 -3.503941
64.9156646728516
-9.028572 -13.72857 -3.503941
69.1235504150391
3.971428 -13.72857 -3.503941
79.2341842651367
4.971428 -13.72857 -3.503941
82.331657409668
5.971428 -13.72857 -3.503941
29.6745643615723
6.971428 -13.72857 -3.503941
7.87534523010254
7.971428 -13.72857 -3.503941
-56.1781234741211
8.971428 -13.72857 -3.503941
-322.853302001953
-16.02857 -12.72857 -3.503941
11.9079093933105
-15.02857 -12.72857 -3.503941
115.527252197266
-14.02857 -12.72857 -3.503941
130.488647460938
-13.02857 -12.72857 -3.503941
122.131309509277
-12.02857 -12.72857 -3.503941
71.9288177490234
-11.02857 -12.72857 -3.503941
59.8895683288574
-10.02857 -12.72857 -3.503941
101.968490600586
4.971428 -12.72857 -3.503941
-10.651068687439
5.971428 -12.72857 -3.503941
-39.8725433349609
6.971428 -12.72857 -3.503941
-23.9760608673096
7.971428 -12.72857 -3.503941
123.650825500488
8.971428 -12.72857 -3.503941
14.4793977737427
9.971428 -12.72857 -3.503941
-28.593053817749
-17.02857 -11.72857 -3.503941
-64.3016967773438
-16.02857 -11.72857 -3.503941
12.9598817825317
-15.02857 -11.72857 -3.503941
33.1226997375488
-14.02857 -11.72857 -3.503941
20.0314788818359
-13.02857 -11.72857 -3.503941
-5.97563314437866
-12.02857 -11.72857 -3.503941
-12.3459138870239
4.971428 -11.72857 -3.503941
-102.523384094238
5.971428 -11.72857 -3.503941
-92.0036468505859
6.971428 -11.72857 -3.503941
11.4403648376465
7.971428 -11.72857 -3.503941
54.0452728271484
8.971428 -11.72857 -3.503941
8.63510417938232
9.971428 -11.72857 -3.503941
20.5574645996094
-18.02857 -10.72857 -3.503941
-148.868637084961
-17.02857 -10.72857 -3.503941
55.740119934082
-16.02857 -10.72857 -3.503941
-30.8723278045654
-15.02857 -10.72857 -3.503941
4.31032609939575
-14.02857 -10.72857 -3.503941
-0.657325029373169
5.971428 -10.72857 -3.503941
-52.6131057739258
6.971428 -10.72857 -3.503941
14.6547269821167
7.971428 -10.72857 -3.503941
-0.189780995249748
8.971428 -10.72857 -3.503941
-14.5083026885986
9.971428 -10.72857 -3.503941
3.37523889541626
10.97143 -10.72857 -3.503941
83.3836288452148
-18.02857 -9.728571 -3.503941
177.126113891602
-17.02857 -9.728571 -3.503941
-8.13802242279053
-16.02857 -9.728571 -3.503941
-85.6918106079102
-15.02857 -9.728571 -3.503941
-28.417724609375
6.971428 -9.728571 -3.503941
-15.9109344482422
7.971428 -9.728571 -3.503941
-12.0536985397339
8.971428 -9.728571 -3.503941
3.6090099811554
9.971428 -9.728571 -3.503941
45.454158782959
10.97143 -9.728571 -3.503941
133.819900512695
11.97143 -9.728571 -3.503941
-389.010711669922
-19.02857 -8.728571 -3.503941
-87.9710845947266
-18.02857 -8.728571 -3.503941
37.2137031555176
-17.02857 -8.728571 -3.503941
-70.4966430664063
-16.02857 -8.728571 -3.503941
-114.270416259766
-15.02857 -8.728571 -3.503941
-51.6780166625977
7.971428 -8.728571 -3.503941
-46.1843795776367
8.971428 -8.728571 -3.503941
4.71942615509033
9.971428 -8.728571 -3.503941
117.981857299805
10.97143 -8.728571 -3.503941
138.261566162109
11.97143 -8.728571 -3.503941
40.3111801147461
-19.02857 -7.728571 -3.503941
25.8173294067383
-18.02857 -7.728571 -3.503941
21.2003364562988
-17.02857 -7.728571 -3.503941
-53.2559776306152
-16.02857 -7.728571 -3.503941
-79.6721878051758
-15.02857 -7.728571 -3.503941
-16.5538063049316
8.971428 -7.728571 -3.503941
34.5253295898438
9.971428 -7.728571 -3.503941
131.599060058594
10.97143 -7.728571 -3.503941
113.18953704834
11.97143 -7.728571 -3.503941
139.255096435547
12.97143 -7.728571 -3.503941
102.611358642578
-19.02857 -6.728571 -3.503941
56.0323333740234
-18.02857 -6.728571 -3.503941
-44.0804328918457
-17.02857 -6.728571 -3.503941
-26.9566516876221
-16.02857 -6.728571 -3.503941
-23.6838455200195
8.971428 -6.728571 -3.503941
30.3174362182617
9.971428 -6.728571 -3.503941
38.2072334289551
10.97143 -6.728571 -3.503941
95.3059921264648
11.97143 -6.728571 -3.503941
111.436248779297
12.97143 -6.728571 -3.503941
218.153060913086
13.97143 -6.728571 -3.503941
-28.8852672576904
-20.02857 -5.728571 -3.503941
103.780220031738
-19.02857 -5.728571 -3.503941
20.9081211090088
-18.02857 -5.728571 -3.503941
-41.8011589050293
-17.02857 -5.728571 -3.503941
-59.684700012207
-16.02857 -5.728571 -3.503941
-47.7623405456543
8.971428 -5.728571 -3.503941
-38.5283546447754
9.971428 -5.728571 -3.503941
14.1287412643433
10.97143 -5.728571 -3.503941
93.3189315795898
11.97143 -5.728571 -3.503941
116.579223632813
12.97143 -5.728571 -3.503941
161.054306030273
13.97143 -5.728571 -3.503941
143.404541015625
-20.02857 -4.728571 -3.503941
77.0133514404297
-19.02857 -4.728571 -3.503941
23.9471569061279
-18.02857 -4.728571 -3.503941
10.797492980957
-17.02857 -4.728571 -3.503941
-33.2684898376465
-16.02857 -4.728571 -3.503941
-65.178337097168
8.971428 -4.728571 -3.503941
-90.8932342529297
9.971428 -4.728571 -3.503941
-22.5149879455566
10.97143 -4.728571 -3.503941
65.441650390625
11.97143 -4.728571 -3.503941
115.235038757324
12.97143 -4.728571 -3.503941
149.190383911133
13.97143 -4.728571 -3.503941
157.489288330078
-19.02857 -3.728571 -3.503941
65.7338638305664
-18.02857 -3.728571 -3.503941
60.7077674865723
-17.02857 -3.728571 -3.503941
16.9924449920654
-16.02857 -3.728571 -3.503941
-34.37890625
8.971428 -3.728571 -3.503941
-124.088829040527
9.971428 -3.728571 -3.503941
-75.6396255493164
10.97143 -3.728571 -3.503941
9.92084884643555
11.97143 -3.728571 -3.503941
91.2149887084961
12.97143 -3.728571 -3.503941
203.717666625977
-19.02857 -2.728571 -3.503941
-26.605993270874
-18.02857 -2.728571 -3.503941
25.1744575500488
-17.02857 -2.728571 -3.503941
-3.28725695610046
-16.02857 -2.728571 -3.503941
-34.028247833252
8.971428 -2.728571 -3.503941
-139.108657836914
9.971428 -2.728571 -3.503941
-82.0683517456055
10.97143 -2.728571 -3.503941
60.3571128845215
11.97143 -2.728571 -3.503941
142.99543762207
-18.02857 -1.728571 -3.503941
19.1548347473145
-17.02857 -1.728571 -3.503941
-20.2357120513916
8.971428 -1.728571 -3.503941
-113.685981750488
9.971428 -1.728571 -3.503941
-130.400665283203
10.97143 -1.728571 -3.503941
5.42074203491211
3.971428 17.27143 -3.503941
-225.195129394531
4.971428 17.27143 -3.503941
-176.629043579102
2.971428 18.27143 -3.503941
-152.258331298828
3.971428 18.27143 -3.503941
-125.549903869629
4.971428 18.27143 -3.503941
-67.7498245239258
5.971428 18.27143 -3.503941
21.7847671508789
2.971428 19.27143 -3.503941
-19.5343971252441
3.971428 19.27143 -3.503941
33.8240127563477
4.971428 19.27143 -3.503941
40.0774078369141
5.971428 19.27143 -3.503941
50.3633689880371
2.971428 20.27143 -3.503941
55.2141304016113
3.971428 20.27143 -3.503941
97.9359283447266
4.971428 20.27143 -3.503941
100.916519165039
2.971428 21.27143 -3.503941
27.9212760925293
3.971428 21.27143 -3.503941
100.682746887207
3.971428 22.27143 -3.503941
105.24129486084
1.971428 -16.72857 -2.503941
-50.5091590881348
2.971428 -16.72857 -2.503941
18.9795055389404
-12.02857 -15.72857 -2.503941
-8.83933734893799
-11.02857 -15.72857 -2.503941
43.934642791748
-10.02857 -15.72857 -2.503941
12.1416797637939
-9.028572 -15.72857 -2.503941
39.0254364013672
-8.028572 -15.72857 -2.503941
134.638092041016
-7.028572 -15.72857 -2.503941
91.3903121948242
2.971428 -15.72857 -2.503941
151.586547851563
3.971428 -15.72857 -2.503941
112.721992492676
4.971428 -15.72857 -2.503941
113.481750488281
-13.02857 -14.72857 -2.503941
167.132369995117
-12.02857 -14.72857 -2.503941
52.6426429748535
-11.02857 -14.72857 -2.503941
5.42074203491211
-10.02857 -14.72857 -2.503941
41.1878242492676
-9.028572 -14.72857 -2.503941
61.1753120422363
-8.028572 -14.72857 -2.503941
190.451110839844
-7.028572 -14.72857 -2.503941
-32.274959564209
2.971428 -14.72857 -2.503941
125.345664978027
3.971428 -14.72857 -2.503941
104.949081420898
4.971428 -14.72857 -2.503941
96.9423980712891
5.971428 -14.72857 -2.503941
-36.5997352600098
6.971428 -14.72857 -2.503941
-226.539306640625
-15.02857 -13.72857 -2.503941
39.5514221191406
-14.02857 -13.72857 -2.503941
143.170761108398
-13.02857 -13.72857 -2.503941
143.579864501953
-12.02857 -13.72857 -2.503941
109.741401672363
-11.02857 -13.72857 -2.503941
36.5708312988281
-10.02857 -13.72857 -2.503941
64.3896713256836
-9.028572 -13.72857 -2.503941
119.735145568848
-8.028572 -13.72857 -2.503941
66.0845184326172
3.971428 -13.72857 -2.503941
32.5382690429688
4.971428 -13.72857 -2.503941
-17.9564361572266
5.971428 -13.72857 -2.503941
-0.248224005103111
6.971428 -13.72857 -2.503941
-6.38473415374756
7.971428 -13.72857 -2.503941
74.2080917358398
8.971428 -13.72857 -2.503941
-113.393768310547
-16.02857 -12.72857 -2.503941
-34.7880058288574
-15.02857 -12.72857 -2.503941
72.630126953125
-14.02857 -12.72857 -2.503941
79.9939422607422
-13.02857 -12.72857 -2.503941
77.8899917602539
-12.02857 -12.72857 -2.503941
55.0972442626953
-11.02857 -12.72857 -2.503941
29.9083366394043
-10.02857 -12.72857 -2.503941
76.1951522827148
-9.028572 -12.72857 -2.503941
129.436676025391
4.971428 -12.72857 -2.503941
-60.3860168457031
5.971428 -12.72857 -2.503941
-35.0802192687988
6.971428 -12.72857 -2.503941
-19.5343971252441
7.971428 -12.72857 -2.503941
169.060989379883
8.971428 -12.72857 -2.503941
103.838661193848
9.971428 -12.72857 -2.503941
87.6499633789063
-17.02857 -11.72857 -2.503941
64.3896713256836
-16.02857 -11.72857 -2.503941
29.0316925048828
-15.02857 -11.72857 -2.503941
-23.2747459411621
-14.02857 -11.72857 -2.503941
-57.9314117431641
-13.02857 -11.72857 -2.503941
-63.7172622680664
-12.02857 -11.72857 -2.503941
-50.5676002502441
-11.02857 -11.72857 -2.503941
-37.2426071166992
4.971428 -11.72857 -2.503941
-23.4500732421875
5.971428 -11.72857 -2.503941
-12.5212430953979
6.971428 -11.72857 -2.503941
30.0836658477783
7.971428 -11.72857 -2.503941
124.936569213867
8.971428 -11.72857 -2.503941
74.2080917358398
9.971428 -11.72857 -2.503941
77.8315505981445
10.97143 -11.72857 -2.503941
-166.752182006836
-17.02857 -10.72857 -2.503941
38.3241195678711
-16.02857 -10.72857 -2.503941
-30.287899017334
-15.02857 -10.72857 -2.503941
-50.2169418334961
-14.02857 -10.72857 -2.503941
-46.0674934387207
-13.02857 -10.72857 -2.503941
-27.8332958221436
-12.02857 -10.72857 -2.503941
-11.7030420303345
5.971428 -10.72857 -2.503941
14.0702981948853
6.971428 -10.72857 -2.503941
50.0711517333984
7.971428 -10.72857 -2.503941
87.2408676147461
8.971428 -10.72857 -2.503941
12.1416797637939
9.971428 -10.72857 -2.503941
45.5126037597656
10.97143 -10.72857 -2.503941
86.8317642211914
-18.02857 -9.728571 -2.503941
92.8513870239258
-17.02857 -9.728571 -2.503941
-32.7425003051758
-16.02857 -9.728571 -2.503941
-72.6005935668945
-15.02857 -9.728571 -2.503941
-45.2492942810059
-14.02857 -9.728571 -2.503941
19.7977066040039
6.971428 -9.728571 -2.503941
-18.716194152832
7.971428 -9.728571 -2.503941
-13.5732164382935
8.971428 -9.728571 -2.503941
-29.7619113922119
9.971428 -9.728571 -2.503941
81.2212448120117
10.97143 -9.728571 -2.503941
178.704071044922
11.97143 -9.728571 -2.503941
-187.090316772461
-19.02857 -8.728571 -2.503941
8.16755962371826
-18.02857 -8.728571 -2.503941
-40.3400840759277
-17.02857 -8.728571 -2.503941
-77.6266860961914
-16.02857 -8.728571 -2.503941
-105.503967285156
-15.02857 -8.728571 -2.503941
-54.2495079040527
7.971428 -8.728571 -2.503941
-38.6452407836914
8.971428 -8.728571 -2.503941
-1.6508549451828
9.971428 -8.728571 -2.503941
128.034042358398
10.97143 -8.728571 -2.503941
184.431488037109
11.97143 -8.728571 -2.503941
276.829772949219
12.97143 -8.728571 -2.503941
122.949508666992
-19.02857 -7.728571 -2.503941
-1.00798201560974
-18.02857 -7.728571 -2.503941
-22.4565448760986
-17.02857 -7.728571 -2.503941
37.973461151123
-16.02857 -7.728571 -2.503941
6.29738616943359
-15.02857 -7.728571 -2.503941
-38.5867958068848
7.971428 -7.728571 -2.503941
-24.502046585083
8.971428 -7.728571 -2.503941
43.583984375
9.971428 -7.728571 -2.503941
94.721565246582
10.97143 -7.728571 -2.503941
114.007736206055
11.97143 -7.728571 -2.503941
85.5460205078125
12.97143 -7.728571 -2.503941
166.489501953125
-20.02857 -6.728571 -2.503941
50.5386962890625
-19.02857 -6.728571 -2.503941
29.5576782226563
-18.02857 -6.728571 -2.503941
15.1222705841064
-17.02857 -6.728571 -2.503941
21.9016532897949
-16.02857 -6.728571 -2.503941
6.58960103988647
8.971428 -6.728571 -2.503941
36.2786178588867
9.971428 -6.728571 -2.503941
86.3642196655273
10.97143 -6.728571 -2.503941
115.527252197266
11.97143 -6.728571 -2.503941
109.799842834473
12.97143 -6.728571 -2.503941
163.275146484375
13.97143 -6.728571 -2.503941
157.547729492188
-20.02857 -5.728571 -2.503941
114.007736206055
-19.02857 -5.728571 -2.503941
19.7392635345459
-18.02857 -5.728571 -2.503941
18.6288471221924
-17.02857 -5.728571 -2.503941
-48.5805397033691
-16.02857 -5.728571 -2.503941
-40.1647567749023
8.971428 -5.728571 -2.503941
-6.969162940979
9.971428 -5.728571 -2.503941
84.318717956543
10.97143 -5.728571 -2.503941
144.456512451172
11.97143 -5.728571 -2.503941
155.619110107422
12.97143 -5.728571 -2.503941
160.5283203125
13.97143 -5.728571 -2.503941
249.361602783203
-20.02857 -4.728571 -2.503941
51.181568145752
-19.02857 -4.728571 -2.503941
102.026931762695
-18.02857 -4.728571 -2.503941
39.60986328125
-17.02857 -4.728571 -2.503941
-60.2106857299805
-16.02857 -4.728571 -2.503941
-35.7815361022949
8.971428 -4.728571 -2.503941
-57.3469848632813
9.971428 -4.728571 -2.503941
41.5384826660156
10.97143 -4.728571 -2.503941
108.163444519043
11.97143 -4.728571 -2.503941
162.281616210938
12.97143 -4.728571 -2.503941
181.860000610352
13.97143 -4.728571 -2.503941
78.0653228759766
-19.02857 -3.728571 -2.503941
100.215202331543
-18.02857 -3.728571 -2.503941
43.350212097168
-17.02857 -3.728571 -2.503941
-23.4500732421875
-16.02857 -3.728571 -2.503941
-40.8660736083984
8.971428 -3.728571 -2.503941
-127.770736694336
9.971428 -3.728571 -2.503941
-34.7880058288574
10.97143 -3.728571 -2.503941
66.5520629882813
11.97143 -3.728571 -2.503941
119.852027893066
12.97143 -3.728571 -2.503941
84.1433944702148
-18.02857 -2.728571 -2.503941
-13.4563302993774
-17.02857 -2.728571 -2.503941
-53.3728637695313
-16.02857 -2.728571 -2.503941
-62.6068496704102
8.971428 -2.728571 -2.503941
-177.213470458984
9.971428 -2.728571 -2.503941
-81.6008071899414
10.97143 -2.728571 -2.503941
65.7338638305664
3.971428 17.27143 -2.503941
-265.462310791016
4.971428 17.27143 -2.503941
-177.388793945313
2.971428 18.27143 -2.503941
-212.045455932617
3.971428 18.27143 -2.503941
-175.869277954102
4.971428 18.27143 -2.503941
-81.0163726806641
5.971428 18.27143 -2.503941
24.4146995544434
1.971428 19.27143 -2.503941
-177.271911621094
2.971428 19.27143 -2.503941
-87.5035400390625
3.971428 19.27143 -2.503941
-20.2357120513916
4.971428 19.27143 -2.503941
30.1421089172363
5.971428 19.27143 -2.503941
61.8766288757324
2.971428 20.27143 -2.503941
28.6225910186768
3.971428 20.27143 -2.503941
66.3767318725586
4.971428 20.27143 -2.503941
105.007522583008
2.971428 21.27143 -2.503941
-17.7226657867432
3.971428 21.27143 -2.503941
79.7017288208008
4.971428 21.27143 -2.503941
138.436889648438
2.971428 22.27143 -2.503941
-25.9046783447266
3.971428 22.27143 -2.503941
55.4479026794434
4.971428 22.27143 -2.503941
148.839736938477
3.971428 23.27143 -2.503941
0.803749024868011
-9.028572 -16.72857 -1.503941
27.3952903747559
-8.028572 -16.72857 -1.503941
50.3633689880371
0.9714279 -16.72857 -1.503941
-117.250999450684
1.971428 -16.72857 -1.503941
-35.0217781066895
2.971428 -16.72857 -1.503941
76.370475769043
3.971428 -16.72857 -1.503941
-42.6193618774414
-12.02857 -15.72857 -1.503941
46.9736785888672
-11.02857 -15.72857 -1.503941
105.416625976563
-10.02857 -15.72857 -1.503941
143.404541015625
-9.028572 -15.72857 -1.503941
100.332084655762
-8.028572 -15.72857 -1.503941
170.81428527832
-7.028572 -15.72857 -1.503941
104.423095703125
0.9714279 -15.72857 -1.503941
164.327117919922
1.971428 -15.72857 -1.503941
131.83283996582
2.971428 -15.72857 -1.503941
215.756912231445
3.971428 -15.72857 -1.503941
122.423522949219
4.971428 -15.72857 -1.503941
61.5259704589844
-13.02857 -14.72857 -1.503941
86.773323059082
-12.02857 -14.72857 -1.503941
134.988754272461
-11.02857 -14.72857 -1.503941
50.0127105712891
-10.02857 -14.72857 -1.503941
72.1041412353516
-9.028572 -14.72857 -1.503941
103.429565429688
-8.028572 -14.72857 -1.503941
145.683807373047
-7.028572 -14.72857 -1.503941
51.2400131225586
1.971428 -14.72857 -1.503941
138.553771972656
2.971428 -14.72857 -1.503941
159.593231201172
3.971428 -14.72857 -1.503941
91.7994155883789
4.971428 -14.72857 -1.503941
-15.2680606842041
5.971428 -14.72857 -1.503941
-90.7763442993164
6.971428 -14.72857 -1.503941
-279.43017578125
7.971428 -14.72857 -1.503941
-326.184539794922
-15.02857 -13.72857 -1.503941
78.7666397094727
-14.02857 -13.72857 -1.503941
169.879196166992
-13.02857 -13.72857 -1.503941
162.86604309082
-12.02857 -13.72857 -1.503941
162.340057373047
-11.02857 -13.72857 -1.503941
42.9411125183105
-10.02857 -13.72857 -1.503941
68.9482269287109
-9.028572 -13.72857 -1.503941
148.255310058594
-8.028572 -13.72857 -1.503941
21.3756656646729
3.971428 -13.72857 -1.503941
-0.365110009908676
4.971428 -13.72857 -1.503941
-7.26137781143188
5.971428 -13.72857 -1.503941
11.6741371154785
6.971428 -13.72857 -1.503941
-60.5613441467285
7.971428 -13.72857 -1.503941
55.9738883972168
8.971428 -13.72857 -1.503941
-97.4388427734375
-16.02857 -12.72857 -1.503941
10.1546201705933
-15.02857 -12.72857 -1.503941
92.266960144043
-14.02857 -12.72857 -1.503941
89.4032592773438
-13.02857 -12.72857 -1.503941
105.065963745117
-12.02857 -12.72857 -1.503941
66.8442764282227
-11.02857 -12.72857 -1.503941
31.8369522094727
-10.02857 -12.72857 -1.503941
96.7670669555664
-9.028572 -12.72857 -1.503941
118.274070739746
4.971428 -12.72857 -1.503941
21.8432102203369
5.971428 -12.72857 -1.503941
36.0448455810547
6.971428 -12.72857 -1.503941
1.03752100467682
7.971428 -12.72857 -1.503941
219.731033325195
8.971428 -12.72857 -1.503941
142.352569580078
9.971428 -12.72857 -1.503941
34.4668846130371
-16.02857 -11.72857 -1.503941
33.0058135986328
-15.02857 -11.72857 -1.503941
7.93378782272339
-14.02857 -11.72857 -1.503941
-4.74833106994629
-13.02857 -11.72857 -1.503941
15.2975997924805
-12.02857 -11.72857 -1.503941
9.16108989715576
-11.02857 -11.72857 -1.503941
-7.3782639503479
4.971428 -11.72857 -1.503941
108.455657958984
5.971428 -11.72857 -1.503941
111.085586547852
6.971428 -11.72857 -1.503941
119.209159851074
7.971428 -11.72857 -1.503941
241.296478271484
8.971428 -11.72857 -1.503941
82.6238708496094
9.971428 -11.72857 -1.503941
79.1172943115234
10.97143 -11.72857 -1.503941
-76.3993835449219
-18.02857 -10.72857 -1.503941
56.9089775085449
-17.02857 -10.72857 -1.503941
27.9797191619873
-16.02857 -10.72857 -1.503941
-10.826397895813
-15.02857 -10.72857 -1.503941
-41.8011589050293
-14.02857 -10.72857 -1.503941
-49.9831733703613
-13.02857 -10.72857 -1.503941
-17.7811088562012
-12.02857 -10.72857 -1.503941
-17.6057796478271
5.971428 -10.72857 -1.503941
46.9736785888672
6.971428 -10.72857 -1.503941
101.734718322754
7.971428 -10.72857 -1.503941
146.96955871582
8.971428 -10.72857 -1.503941
18.395076751709
9.971428 -10.72857 -1.503941
57.142749786377
10.97143 -10.72857 -1.503941
112.312889099121
-18.02857 -9.728571 -1.503941
44.1099700927734
-17.02857 -9.728571 -1.503941
-39.3465538024902
-16.02857 -9.728571 -1.503941
-39.6972122192383
-15.02857 -9.728571 -1.503941
-17.2551212310791
-14.02857 -9.728571 -1.503941
31.4862957000732
-13.02857 -9.728571 -1.503941
34.8759880065918
6.971428 -9.728571 -1.503941
20.6743507385254
7.971428 -9.728571 -1.503941
31.2525234222412
8.971428 -9.728571 -1.503941
-16.3784770965576
9.971428 -9.728571 -1.503941
91.9747467041016
10.97143 -9.728571 -1.503941
133.293914794922
11.97143 -9.728571 -1.503941
200.912399291992
-19.02857 -8.728571 -1.503941
-11.7614850997925
-18.02857 -8.728571 -1.503941
10.622163772583
-17.02857 -8.728571 -1.503941
71.6365966796875
-16.02857 -8.728571 -1.503941
40.7202796936035
-15.02857 -8.728571 -1.503941
-8.72245121002197
-14.02857 -8.728571 -1.503941
25.0575714111328
7.971428 -8.728571 -1.503941
-33.8529167175293
8.971428 -8.728571 -1.503941
26.5770874023438
9.971428 -8.728571 -1.503941
113.949295043945
10.97143 -8.728571 -1.503941
138.962875366211
11.97143 -8.728571 -1.503941
117.455871582031
12.97143 -8.728571 -1.503941
109.21541595459
-20.02857 -7.728571 -1.503941
-75.7565078735352
-19.02857 -7.728571 -1.503941
-16.4953632354736
-18.02857 -7.728571 -1.503941
39.2007637023926
-17.02857 -7.728571 -1.503941
125.930099487305
-16.02857 -7.728571 -1.503941
87.7084121704102
-15.02857 -7.728571 -1.503941
-27.1904220581055
7.971428 -7.728571 -1.503941
-10.8848400115967
8.971428 -7.728571 -1.503941
47.207447052002
9.971428 -7.728571 -1.503941
98.8125686645508
10.97143 -7.728571 -1.503941
79.2926254272461
11.97143 -7.728571 -1.503941
35.8110733032227
12.97143 -7.728571 -1.503941
134.170547485352
-20.02857 -6.728571 -1.503941
131.774398803711
-19.02857 -6.728571 -1.503941
27.3952903747559
-18.02857 -6.728571 -1.503941
146.677337646484
-17.02857 -6.728571 -1.503941
83.0329742431641
-16.02857 -6.728571 -1.503941
43.350212097168
8.971428 -6.728571 -1.503941
32.6551551818848
9.971428 -6.728571 -1.503941
89.1110382080078
10.97143 -6.728571 -1.503941
86.5979919433594
11.97143 -6.728571 -1.503941
100.390533447266
12.97143 -6.728571 -1.503941
74.9678497314453
13.97143 -6.728571 -1.503941
271.628356933594
-21.02857 -5.728571 -1.503941
-4.74833106994629
-20.02857 -5.728571 -1.503941
69.2988815307617
-19.02857 -5.728571 -1.503941
68.0131378173828
-18.02857 -5.728571 -1.503941
123.94303894043
-17.02857 -5.728571 -1.503941
32.1291694641113
-16.02857 -5.728571 -1.503941
8.98576068878174
8.971428 -5.728571 -1.503941
2.96613788604736
9.971428 -5.728571 -1.503941
103.254234313965
10.97143 -5.728571 -1.503941
135.80696105957
11.97143 -5.728571 -1.503941
146.034469604492
12.97143 -5.728571 -1.503941
113.657081604004
13.97143 -5.728571 -1.503941
147.144882202148
14.97143 -5.728571 -1.503941
33.0058135986328
-20.02857 -4.728571 -1.503941
25.6420001983643
-19.02857 -4.728571 -1.503941
122.248191833496
-18.02857 -4.728571 -1.503941
114.76749420166
-17.02857 -4.728571 -1.503941
-19.4759540557861
-16.02857 -4.728571 -1.503941
-21.9305572509766
7.971428 -4.728571 -1.503941
-109.94563293457
8.971428 -4.728571 -1.503941
-53.9572906494141
9.971428 -4.728571 -1.503941
47.441219329834
10.97143 -4.728571 -1.503941
99.7476577758789
11.97143 -4.728571 -1.503941
111.611572265625
12.97143 -4.728571 -1.503941
52.8179702758789
13.97143 -4.728571 -1.503941
28.5641479492188
-19.02857 -3.728571 -1.503941
139.196640014648
-18.02857 -3.728571 -1.503941
86.8317642211914
-17.02857 -3.728571 -1.503941
-41.2751731872559
8.971428 -3.728571 -1.503941
-129.11491394043
9.971428 -3.728571 -1.503941
-39.989429473877
10.97143 -3.728571 -1.503941
24.4146995544434
11.97143 -3.728571 -1.503941
27.8043899536133
12.97143 -3.728571 -1.503941
-36.4244079589844
9.971428 -2.728571 -1.503941
-96.3868713378906
10.97143 -2.728571 -1.503941
-23.4500732421875
4.971428 16.27143 -1.503941
-216.136474609375
3.971428 17.27143 -1.503941
-239.162994384766
4.971428 17.27143 -1.503941
-151.381683349609
2.971428 18.27143 -1.503941
-252.254211425781
3.971428 18.27143 -1.503941
-181.070693969727
4.971428 18.27143 -1.503941
-59.5093727111816
5.971428 18.27143 -1.503941
30.0836658477783
1.971428 19.27143 -1.503941
-191.590423583984
2.971428 19.27143 -1.503941
-169.966537475586
3.971428 19.27143 -1.503941
-53.1975326538086
4.971428 19.27143 -1.503941
46.2139167785645
5.971428 19.27143 -1.503941
95.7150955200195
1.971428 20.27143 -1.503941
-113.218437194824
2.971428 20.27143 -1.503941
-54.8923797607422
3.971428 20.27143 -1.503941
40.3696250915527
4.971428 20.27143 -1.503941
114.709053039551
2.971428 21.27143 -1.503941
-36.1906356811523
3.971428 21.27143 -1.503941
57.259635925293
4.971428 21.27143 -1.503941
139.313537597656
2.971428 22.27143 -1.503941
-21.2292423248291
3.971428 22.27143 -1.503941
15.5313711166382
4.971428 22.27143 -1.503941
140.482391357422
3.971428 23.27143 -1.503941
-41.5089454650879
-9.028572 -16.72857 -0.5039406
51.882884979248
-8.028572 -16.72857 -0.5039406
61.3506393432617
1.971428 -16.72857 -0.5039406
13.4274253845215
2.971428 -16.72857 -0.5039406
70.7015151977539
3.971428 -16.72857 -0.5039406
-193.168395996094
-12.02857 -15.72857 -0.5039406
92.9098358154297
-11.02857 -15.72857 -0.5039406
142.761672973633
-10.02857 -15.72857 -0.5039406
193.373260498047
-9.028572 -15.72857 -0.5039406
134.345886230469
-8.028572 -15.72857 -0.5039406
179.580718994141
-7.028572 -15.72857 -0.5039406
107.520568847656
1.971428 -15.72857 -0.5039406
203.016342163086
2.971428 -15.72857 -0.5039406
259.647552490234
3.971428 -15.72857 -0.5039406
39.960521697998
4.971428 -15.72857 -0.5039406
-170.960067749023
5.971428 -15.72857 -0.5039406
-308.125671386719
-13.02857 -14.72857 -0.5039406
53.9283866882324
-12.02857 -14.72857 -0.5039406
157.489288330078
-11.02857 -14.72857 -0.5039406
70.5261840820313
-10.02857 -14.72857 -0.5039406
87.2408676147461
-9.028572 -14.72857 -0.5039406
95.4813232421875
-8.028572 -14.72857 -0.5039406
103.020462036133
1.971428 -14.72857 -0.5039406
192.555053710938
2.971428 -14.72857 -0.5039406
156.437316894531
3.971428 -14.72857 -0.5039406
90.9227752685547
4.971428 -14.72857 -0.5039406
49.0191802978516
5.971428 -14.72857 -0.5039406
7.40780210494995
6.971428 -14.72857 -0.5039406
-184.811050415039
7.971428 -14.72857 -0.5039406
-227.065307617188
-15.02857 -13.72857 -0.5039406
-7.84580707550049
-14.02857 -13.72857 -0.5039406
116.053237915039
-13.02857 -13.72857 -0.5039406
179.346954345703
-12.02857 -13.72857 -0.5039406
142.527893066406
-11.02857 -13.72857 -0.5039406
64.7403335571289
-10.02857 -13.72857 -0.5039406
137.209579467773
-9.028572 -13.72857 -0.5039406
125.053451538086
4.971428 -13.72857 -0.5039406
87.8252944946289
5.971428 -13.72857 -0.5039406
129.202896118164
6.971428 -13.72857 -0.5039406
63.103931427002
7.971428 -13.72857 -0.5039406
171.632476806641
8.971428 -13.72857 -0.5039406
33.7071266174316
-16.02857 -12.72857 -0.5039406
15.7067003250122
-15.02857 -12.72857 -0.5039406
134.754989624023
-14.02857 -12.72857 -0.5039406
125.696327209473
-13.02857 -12.72857 -0.5039406
168.009017944336
-12.02857 -12.72857 -0.5039406
113.481750488281
-11.02857 -12.72857 -0.5039406
47.7334365844727
-10.02857 -12.72857 -0.5039406
114.884376525879
4.971428 -12.72857 -0.5039406
164.619323730469
5.971428 -12.72857 -0.5039406
168.067459106445
6.971428 -12.72857 -0.5039406
119.559814453125
7.971428 -12.72857 -0.5039406
266.894470214844
8.971428 -12.72857 -0.5039406
159.301025390625
9.971428 -12.72857 -0.5039406
-0.0144520001485944
-17.02857 -11.72857 -0.5039406
-71.9577178955078
-16.02857 -11.72857 -0.5039406
66.4351806640625
-15.02857 -11.72857 -0.5039406
59.8311233520508
-14.02857 -11.72857 -0.5039406
48.5516357421875
-13.02857 -11.72857 -0.5039406
74.0327606201172
-12.02857 -11.72857 -0.5039406
52.1166572570801
-11.02857 -11.72857 -0.5039406
5.53762817382813
-10.02857 -11.72857 -0.5039406
26.8108596801758
4.971428 -11.72857 -0.5039406
103.312675476074
5.971428 -11.72857 -0.5039406
131.540618896484
6.971428 -11.72857 -0.5039406
187.762741088867
7.971428 -11.72857 -0.5039406
278.758392333984
8.971428 -11.72857 -0.5039406
103.721778869629
9.971428 -11.72857 -0.5039406
76.0782623291016
10.97143 -11.72857 -0.5039406
-62.0808601379395
-18.02857 -10.72857 -0.5039406
-151.498565673828
-17.02857 -10.72857 -0.5039406
-14.5083026885986
-16.02857 -10.72857 -0.5039406
34.1162261962891
-15.02857 -10.72857 -0.5039406
41.8891410827637
-14.02857 -10.72857 -0.5039406
46.7983474731445
-13.02857 -10.72857 -0.5039406
56.3829917907715
-12.02857 -10.72857 -0.5039406
28.6225910186768
-11.02857 -10.72857 -0.5039406
-18.833080291748
5.971428 -10.72857 -0.5039406
56.7920913696289
6.971428 -10.72857 -0.5039406
177.126113891602
7.971428 -10.72857 -0.5039406
195.068099975586
8.971428 -10.72857 -0.5039406
16.408016204834
9.971428 -10.72857 -0.5039406
48.0840911865234
10.97143 -10.72857 -0.5039406
14.0702981948853
-19.02857 -9.728571 -0.5039406
-117.426330566406
-18.02857 -9.728571 -0.5039406
57.610294342041
-17.02857 -9.728571 -0.5039406
88.2343978881836
-16.02857 -9.728571 -0.5039406
79.7017288208008
-15.02857 -9.728571 -0.5039406
43.9930877685547
-14.02857 -9.728571 -0.5039406
14.1871843338013
-13.02857 -9.728571 -0.5039406
6.41427183151245
7.971428 -9.728571 -0.5039406
91.2734298706055
8.971428 -9.728571 -0.5039406
41.3047103881836
9.971428 -9.728571 -0.5039406
59.5389099121094
10.97143 -9.728571 -0.5039406
89.9876861572266
11.97143 -9.728571 -0.5039406
119.618255615234
-19.02857 -8.728571 -0.5039406
32.4798278808594
-18.02857 -8.728571 -0.5039406
44.5775146484375
-17.02857 -8.728571 -0.5039406
169.762313842773
-16.02857 -8.728571 -0.5039406
142.936996459961
-15.02857 -8.728571 -0.5039406
44.7528457641602
-14.02857 -8.728571 -0.5039406
-16.0862636566162
7.971428 -8.728571 -0.5039406
28.6810340881348
8.971428 -8.728571 -0.5039406
67.4871520996094
9.971428 -8.728571 -0.5039406
81.1043548583984
10.97143 -8.728571 -0.5039406
92.1500701904297
11.97143 -8.728571 -0.5039406
20.1483631134033
12.97143 -8.728571 -0.5039406
131.715942382813
-20.02857 -7.728571 -0.5039406
17.9275321960449
-19.02857 -7.728571 -0.5039406
-2.05995607376099
-18.02857 -7.728571 -0.5039406
72.2794723510742
-17.02857 -7.728571 -0.5039406
88.9941558837891
-16.02857 -7.728571 -0.5039406
73.156120300293
-15.02857 -7.728571 -0.5039406
-12.813458442688
-14.02857 -7.728571 -0.5039406
-16.2615928649902
9.971428 -7.728571 -0.5039406
84.318717956543
10.97143 -7.728571 -0.5039406
42.3566856384277
11.97143 -7.728571 -0.5039406
68.2469100952148
12.97143 -7.728571 -0.5039406
67.4871520996094
13.97143 -7.728571 -0.5039406
163.801132202148
-20.02857 -6.728571 -0.5039406
91.5656433105469
-19.02857 -6.728571 -0.5039406
26.0511016845703
-18.02857 -6.728571 -0.5039406
152.930740356445
-17.02857 -6.728571 -0.5039406
114.533721923828
-16.02857 -6.728571 -0.5039406
64.0974578857422
9.971428 -6.728571 -0.5039406
41.5969276428223
10.97143 -6.728571 -0.5039406
36.0448455810547
11.97143 -6.728571 -0.5039406
44.9866142272949
12.97143 -6.728571 -0.5039406
14.3625116348267
13.97143 -6.728571 -0.5039406
200.035751342773
-20.02857 -5.728571 -0.5039406
30.8434238433838
-19.02857 -5.728571 -0.5039406
65.9091873168945
-18.02857 -5.728571 -0.5039406
158.658142089844
-17.02857 -5.728571 -0.5039406
124.995010375977
-16.02857 -5.728571 -0.5039406
57.4349632263184
7.971428 -5.728571 -0.5039406
-87.3866577148438
8.971428 -5.728571 -0.5039406
-25.9046783447266
9.971428 -5.728571 -0.5039406
29.0901355743408
10.97143 -5.728571 -0.5039406
60.1233406066895
11.97143 -5.728571 -0.5039406
68.4222412109375
12.97143 -5.728571 -0.5039406
36.6292762756348
13.97143 -5.728571 -0.5039406
94.6631240844727
-17.02857 -4.728571 -0.5039406
41.4800415039063
8.971428 -4.728571 -0.5039406
-68.5680313110352
9.971428 -4.728571 -0.5039406
-12.9303436279297
10.97143 -4.728571 -0.5039406
15.5313711166382
11.97143 -4.728571 -0.5039406
4.77786922454834
12.97143 -4.728571 -0.5039406
-43.7882194519043
13.97143 -4.728571 -0.5039406
-10.651068687439
9.971428 -3.728571 -0.5039406
-81.30859375
10.97143 -3.728571 -0.5039406
-86.0424728393555
11.97143 -3.728571 -0.5039406
-62.0224189758301
3.971428 16.27143 -0.5039406
-178.499206542969
4.971428 16.27143 -0.5039406
-151.673904418945
3.971428 17.27143 -0.5039406
-219.175506591797
4.971428 17.27143 -0.5039406
-105.445526123047
2.971428 18.27143 -0.5039406
-218.532623291016
3.971428 18.27143 -0.5039406
-128.822708129883
4.971428 18.27143 -0.5039406
0.277761995792389
1.971428 19.27143 -0.5039406
-190.830673217773
2.971428 19.27143 -0.5039406
-212.279235839844
3.971428 19.27143 -0.5039406
-31.6320858001709
4.971428 19.27143 -0.5039406
86.5979919433594
2.971428 20.27143 -0.5039406
-61.788646697998
3.971428 20.27143 -0.5039406
50.0711517333984
4.971428 20.27143 -0.5039406
137.151138305664
2.971428 21.27143 -0.5039406
-39.8140983581543
3.971428 21.27143 -0.5039406
27.0446319580078
4.971428 21.27143 -0.5039406
126.456085205078
2.971428 22.27143 -0.5039406
6.41427183151245
3.971428 22.27143 -0.5039406
-34.3204612731934
4.971428 22.27143 -0.5039406
95.5397644042969
5.971428 26.27143 -0.5039406
1.79727900028229
5.971428 27.27143 -0.5039406
-32.0996284484863
6.971428 27.27143 -0.5039406
32.7720413208008
7.971428 27.27143 -0.5039406
72.2794723510742
-9.028572 -16.72857 0.4960594
-6.5016188621521
1.971428 -16.72857 0.4960594
131.189956665039
2.971428 -16.72857 0.4960594
132.943252563477
-12.02857 -15.72857 0.4960594
-17.7226657867432
-11.02857 -15.72857 0.4960594
15.9989147186279
-10.02857 -15.72857 0.4960594
92.5591735839844
-9.028572 -15.72857 0.4960594
60.2986679077148
-8.028572 -15.72857 0.4960594
129.553558349609
1.971428 -15.72857 0.4960594
172.976669311523
2.971428 -15.72857 0.4960594
145.800704956055
3.971428 -15.72857 0.4960594
13.0183248519897
4.971428 -15.72857 0.4960594
-233.143371582031
5.971428 -15.72857 0.4960594
-262.77392578125
-13.02857 -14.72857 0.4960594
82.1563262939453
-12.02857 -14.72857 0.4960594
101.559387207031
-11.02857 -14.72857 0.4960594
90.0461273193359
-10.02857 -14.72857 0.4960594
147.320220947266
-9.028572 -14.72857 0.4960594
93.3773727416992
2.971428 -14.72857 0.4960594
118.624725341797
4.971428 -14.72857 0.4960594
92.7929458618164
5.971428 -14.72857 0.4960594
136.625152587891
6.971428 -14.72857 0.4960594
-45.9506072998047
-14.02857 -13.72857 0.4960594
110.734931945801
-13.02857 -13.72857 0.4960594
186.067886352539
-12.02857 -13.72857 0.4960594
110.267387390137
-11.02857 -13.72857 0.4960594
76.5458068847656
-10.02857 -13.72857 0.4960594
160.060775756836
5.971428 -13.72857 0.4960594
233.815780639648
6.971428 -13.72857 0.4960594
125.696327209473
7.971428 -13.72857 0.4960594
197.990249633789
8.971428 -13.72857 0.4960594
68.3053512573242
-15.02857 -12.72857 0.4960594
46.9152336120605
-14.02857 -12.72857 0.4960594
127.274284362793
-13.02857 -12.72857 0.4960594
173.035110473633
-12.02857 -12.72857 0.4960594
111.96223449707
-11.02857 -12.72857 0.4960594
48.7854080200195
-10.02857 -12.72857 0.4960594
61.7597427368164
4.971428 -12.72857 0.4960594
144.690277099609
5.971428 -12.72857 0.4960594
181.567779541016
6.971428 -12.72857 0.4960594
149.599487304688
7.971428 -12.72857 0.4960594
289.804107666016
8.971428 -12.72857 0.4960594
262.511260986328
9.971428 -12.72857 0.4960594
148.196853637695
-16.02857 -11.72857 0.4960594
96.8839492797852
-15.02857 -11.72857 0.4960594
129.553558349609
-14.02857 -11.72857 0.4960594
124.878120422363
-13.02857 -11.72857 0.4960594
143.872085571289
-12.02857 -11.72857 0.4960594
108.338768005371
-11.02857 -11.72857 0.4960594
24.7069149017334
5.971428 -11.72857 0.4960594
79.9355010986328
6.971428 -11.72857 0.4960594
159.242584228516
7.971428 -11.72857 0.4960594
220.490783691406
8.971428 -11.72857 0.4960594
134.170547485352
9.971428 -11.72857 0.4960594
107.63745880127
-18.02857 -10.72857 0.4960594
-280.891265869141
-17.02857 -10.72857 0.4960594
-15.1511764526367
-16.02857 -10.72857 0.4960594
86.9486541748047
-15.02857 -10.72857 0.4960594
99.5723266601563
-14.02857 -10.72857 0.4960594
97.7605972290039
-13.02857 -10.72857 0.4960594
101.734718322754
-12.02857 -10.72857 0.4960594
65.3832015991211
9.971428 -10.72857 0.4960594
71.2275009155273
-19.02857 -9.728571 0.4960594
-243.779983520508
-18.02857 -9.728571 0.4960594
-7.55359220504761
-17.02857 -9.728571 0.4960594
132.592590332031
-16.02857 -9.728571 0.4960594
150.008590698242
-15.02857 -9.728571 0.4960594
92.266960144043
-14.02857 -9.728571 0.4960594
39.3760948181152
11.97143 -9.728571 0.4960594
14.4793977737427
-19.02857 -8.728571 0.4960594
-8.13802242279053
-18.02857 -8.728571 0.4960594
-10.2419681549072
-17.02857 -8.728571 0.4960594
61.4090843200684
-16.02857 -8.728571 0.4960594
83.2083053588867
-15.02857 -8.728571 0.4960594
29.6161212921143
-14.02857 -8.728571 0.4960594
-16.5538063049316
11.97143 -8.728571 0.4960594
102.669807434082
12.97143 -8.728571 0.4960594
131.189956665039
-20.02857 -7.728571 0.4960594
44.1099700927734
-19.02857 -7.728571 0.4960594
-11.6445989608765
-14.02857 -7.728571 0.4960594
-36.4828491210938
10.97143 -7.728571 0.4960594
42.2982406616211
11.97143 -7.728571 0.4960594
95.5397644042969
12.97143 -7.728571 0.4960594
95.2475509643555
13.97143 -7.728571 0.4960594
77.3640060424805
-20.02857 -6.728571 0.4960594
81.3965682983398
-19.02857 -6.728571 0.4960594
3.08302402496338
9.971428 -6.728571 0.4960594
-20.8785839080811
10.97143 -6.728571 0.4960594
-1.18331098556519
11.97143 -6.728571 0.4960594
16.408016204834
12.97143 -6.728571 0.4960594
19.0379486083984
13.97143 -6.728571 0.4960594
116.579223632813
9.971428 -5.728571 0.4960594
-43.3791198730469
10.97143 -5.728571 0.4960594
3.95966792106628
11.97143 -5.728571 0.4960594
32.6551551818848
12.97143 -5.728571 0.4960594
22.3691959381104
13.97143 -5.728571 0.4960594
42.9995574951172
9.971428 -4.728571 0.4960594
-16.1447067260742
10.97143 -4.728571 0.4960594
13.6611967086792
11.97143 -4.728571 0.4960594
24.8822422027588
12.97143 -4.728571 0.4960594
13.9534120559692
3.971428 16.27143 0.4960594
-117.192558288574
4.971428 16.27143 0.4960594
-41.5673866271973
3.971428 17.27143 0.4960594
-171.602935791016
4.971428 17.27143 0.4960594
-20.5279273986816
2.971428 18.27143 0.4960594
-135.368316650391
3.971428 18.27143 0.4960594
-38.7621269226074
4.971428 18.27143 0.4960594
68.2469100952148
2.971428 19.27143 0.4960594
-102.990921020508
3.971428 19.27143 0.4960594
16.23268699646
4.971428 19.27143 0.4960594
114.82593536377
2.971428 20.27143 0.4960594
-52.7299880981445
3.971428 20.27143 0.4960594
33.2980270385742
4.971428 20.27143 0.4960594
122.131309509277
2.971428 21.27143 0.4960594
-21.6967868804932
3.971428 21.27143 0.4960594
-2.585942029953
4.971428 21.27143 0.4960594
97.4099426269531
2.971428 22.27143 0.4960594
59.8895683288574
3.971428 22.27143 0.4960594
-71.139518737793
5.971428 25.27143 0.4960594
13.8949689865112
5.971428 26.27143 0.4960594
-8.37179374694824
6.971428 26.27143 0.4960594
126.982070922852
5.971428 27.27143 0.4960594
-45.1908493041992
6.971428 27.27143 0.4960594
9.39486217498779
7.971428 27.27143 0.4960594
53.285514831543
3.971428 28.27143 0.4960594
-47.1194686889648
4.971428 28.27143 0.4960594
-62.8990631103516
-11.02857 -15.72857 1.496059
-64.5939102172852
-10.02857 -15.72857 1.496059
43.0579986572266
3.971428 -15.72857 1.496059
173.385772705078
4.971428 -15.72857 1.496059
-80.9579315185547
-12.02857 -14.72857 1.496059
54.4543724060059
-11.02857 -14.72857 1.496059
103.429565429688
-10.02857 -14.72857 1.496059
169.879196166992
4.971428 -14.72857 1.496059
160.294555664063
5.971428 -14.72857 1.496059
182.152206420898
6.971428 -14.72857 1.496059
6.41427183151245
-14.02857 -13.72857 1.496059
142.118789672852
-13.02857 -13.72857 1.496059
226.335083007813
-12.02857 -13.72857 1.496059
124.176811218262
-11.02857 -13.72857 1.496059
86.1304473876953
5.971428 -13.72857 1.496059
231.945602416992
6.971428 -13.72857 1.496059
137.852462768555
7.971428 -13.72857 1.496059
125.52099609375
-15.02857 -12.72857 1.496059
13.5443105697632
-14.02857 -12.72857 1.496059
145.040939331055
-13.02857 -12.72857 1.496059
182.385986328125
-12.02857 -12.72857 1.496059
156.495758056641
-11.02857 -12.72857 1.496059
76.5458068847656
5.971428 -12.72857 1.496059
96.7670669555664
6.971428 -12.72857 1.496059
97.2930526733398
7.971428 -12.72857 1.496059
198.048690795898
8.971428 -12.72857 1.496059
160.177658081055
-15.02857 -11.72857 1.496059
134.754989624023
-14.02857 -11.72857 1.496059
136.68359375
-13.02857 -11.72857 1.496059
146.735778808594
-12.02857 -11.72857 1.496059
168.710327148438
-11.02857 -11.72857 1.496059
61.2921981811523
6.971428 -11.72857 1.496059
100.09831237793
7.971428 -11.72857 1.496059
158.95036315918
-12.02857 -10.72857 1.496059
64.7987747192383
-15.02857 -9.728571 1.496059
63.8052444458008
-15.02857 -8.728571 1.496059
-8.60556602478027
11.97143 -6.728571 1.496059
90.1045684814453
12.97143 -6.728571 1.496059
98.8125686645508
13.97143 -6.728571 1.496059
95.0137786865234
10.97143 -5.728571 1.496059
62.4026145935059
11.97143 -5.728571 1.496059
85.1953659057617
-0.02857208 12.27143 1.496059
96.6501846313477
-0.02857208 13.27143 1.496059
55.8570022583008
0.9714279 13.27143 1.496059
24.9991283416748
3.971428 16.27143 1.496059
-31.3983154296875
4.971428 16.27143 1.496059
52.2335433959961
3.971428 17.27143 1.496059
-58.1651840209961
4.971428 17.27143 1.496059
43.7593154907227
2.971428 18.27143 1.496059
-57.3469848632813
3.971428 18.27143 1.496059
6.58960103988647
4.971428 18.27143 1.496059
92.6760635375977
2.971428 19.27143 1.496059
-41.9180450439453
3.971428 19.27143 1.496059
31.2525234222412
4.971428 19.27143 1.496059
125.813209533691
2.971428 20.27143 1.496059
-43.9635467529297
3.971428 20.27143 1.496059
3.19990992546082
4.971428 20.27143 1.496059
77.1302337646484
2.971428 21.27143 1.496059
54.1621589660645
3.971428 21.27143 1.496059
-19.5928382873535
5.971428 25.27143 1.496059
-12.579686164856
5.971428 26.27143 1.496059
-38.119255065918
5.971428 27.27143 1.496059
-71.139518737793
6.971428 27.27143 1.496059
-95.4517822265625
3.971428 28.27143 1.496059
-59.8600311279297
4.971428 28.27143 1.496059
-56.0612373352051
3.971428 29.27143 1.496059
-65.178337097168
-13.02857 -13.72857 2.496059
185.483459472656
-12.02857 -13.72857 2.496059
171.924697875977
6.971428 -13.72857 2.496059
159.651672363281
7.971428 -13.72857 2.496059
83.3836288452148
-13.02857 -12.72857 2.496059
138.436889648438
-12.02857 -12.72857 2.496059
228.263702392578
-11.02857 -12.72857 2.496059
139.78108215332
7.971428 -12.72857 2.496059
171.281829833984
-12.02857 -11.72857 2.496059
88.9357147216797
-0.02857208 13.27143 2.496059
12.7845525741577
0.9714279 13.27143 2.496059
6.64804410934448
0.9714279 14.27143 2.496059
57.0843048095703
3.971428 16.27143 2.496059
1.03752100467682
3.971428 17.27143 2.496059
-33.9113616943359
4.971428 17.27143 2.496059
47.791877746582
3.971428 18.27143 2.496059
8.22600269317627
4.971428 18.27143 2.496059
81.7472305297852
2.971428 19.27143 2.496059
-32.625617980957
3.971428 19.27143 2.496059
4.60254001617432
4.971428 19.27143 2.496059
63.3961448669434
2.971428 20.27143 2.496059
6.64804410934448
3.971428 20.27143 2.496059
-20.2357120513916
4.971428 20.27143 2.496059
23.3627262115479
2.971428 21.27143 2.496059
112.137565612793
3.971428 21.27143 2.496059
-48.0545539855957
5.971428 26.27143 2.496059
-79.1462020874023
-0.02857208 13.27143 3.496059
63.337703704834
0.9714279 13.27143 3.496059
50.8893547058105
3.971428 16.27143 3.496059
-31.5736446380615
2.971428 17.27143 3.496059
-34.145133972168
3.971428 17.27143 3.496059
-22.9240875244141
3.971428 18.27143 3.496059
-2.00151300430298
4.971428 18.27143 3.496059
29.2070217132568
16.97143 18.27143 3.496059
-36.7750663757324
17.97143 18.27143 3.496059
-286.209564208984
3.971428 19.27143 3.496059
-22.9240875244141
4.971428 19.27143 3.496059
-15.1511764526367
16.97143 19.27143 3.496059
-39.7556571960449
17.97143 19.27143 3.496059
-443.888641357422
3.971428 20.27143 3.496059
-47.1194686889648
5.971428 26.27143 3.496059
-76.6915969848633
16.97143 17.27143 4.496059
-70.3213195800781
3.971428 18.27143 4.496059
-20.0019397735596
15.97143 18.27143 4.496059
-72.7174758911133
16.97143 18.27143 4.496059
-58.7496147155762
17.97143 18.27143 4.496059
-201.175079345703
3.971428 19.27143 4.496059
-27.4826374053955
4.971428 19.27143 4.496059
-65.5289916992188
16.97143 19.27143 4.496059
-79.7306289672852
17.97143 19.27143 4.496059
-348.100646972656
15.97143 17.27143 5.496059
-68.1004867553711
16.97143 17.27143 5.496059
-69.6784439086914
15.97143 18.27143 5.496059
-138.933334350586
16.97143 18.27143 5.496059
-39.0543403625488
17.97143 18.27143 5.496059
-87.9126434326172
16.97143 19.27143 5.496059
-51.3858032226563
17.97143 19.27143 5.496059
-242.611129760742
15.97143 17.27143 6.496059
-49.0480842590332
16.97143 17.27143 6.496059
-75.6980667114258
15.97143 18.27143 6.496059
-103.926010131836
16.97143 18.27143 6.496059
-11.7614850997925
17.97143 18.27143 6.496059
-141.095718383789
16.97143 19.27143 6.496059
-3.69635796546936
17.97143 19.27143 6.496059
-263.825927734375
13.97143 17.27143 7.496059
-63.775707244873
14.97143 17.27143 7.496059
-8.43023681640625
15.97143 17.27143 7.496059
-0.306667000055313
16.97143 17.27143 7.496059
-64.3016967773438
12.97143 18.27143 7.496059
-104.159782409668
13.97143 18.27143 7.496059
-50.1585006713867
14.97143 18.27143 7.496059
-60.9704475402832
15.97143 18.27143 7.496059
-27.1904220581055
16.97143 18.27143 7.496059
29.8498935699463
17.97143 18.27143 7.496059
-303.742431640625
11.97143 19.27143 7.496059
124.644355773926
12.97143 19.27143 7.496059
-30.8138847351074
13.97143 19.27143 7.496059
-47.3532371520996
14.97143 19.27143 7.496059
-0.891097009181976
15.97143 19.27143 7.496059
-49.1065254211426
16.97143 19.27143 7.496059
38.6747779846191
11.97143 20.27143 7.496059
36.4539451599121
12.97143 20.27143 7.496059
42.5320129394531
13.97143 20.27143 7.496059
27.5121746063232
14.97143 20.27143 7.496059
-60.4444580078125
5.971428 -4.728571 8.496059
296.291290283203
13.97143 17.27143 8.496059
-142.381469726563
14.97143 17.27143 8.496059
-9.77442359924316
15.97143 17.27143 8.496059
46.5061340332031
11.97143 18.27143 8.496059
-48.1714401245117
12.97143 18.27143 8.496059
-155.823348999023
13.97143 18.27143 8.496059
-153.134979248047
14.97143 18.27143 8.496059
-125.140800476074
15.97143 18.27143 8.496059
94.1955795288086
16.97143 18.27143 8.496059
151.352783203125
10.97143 19.27143 8.496059
62.2272872924805
11.97143 19.27143 8.496059
50.8309097290039
12.97143 19.27143 8.496059
10.446834564209
13.97143 19.27143 8.496059
-58.7496147155762
14.97143 19.27143 8.496059
-134.141021728516
15.97143 19.27143 8.496059
-1.41708302497864
10.97143 20.27143 8.496059
44.9866142272949
11.97143 20.27143 8.496059
20.0314788818359
12.97143 20.27143 8.496059
60.9999847412109
13.97143 20.27143 8.496059
17.9859752655029
14.97143 20.27143 8.496059
-88.3801879882813
13.97143 21.27143 8.496059
3.37523889541626
14.97143 21.27143 8.496059
-13.2810010910034
5.971428 -5.728571 9.496059
309.031860351563
4.971428 -4.728571 9.496059
136.975814819336
5.971428 -4.728571 9.496059
328.201141357422
4.971428 -3.728571 9.496059
139.02131652832
5.971428 -3.728571 9.496059
266.660705566406
6.971428 -3.728571 9.496059
185.483459472656
5.971428 -2.728571 9.496059
179.346954345703
6.971428 -2.728571 9.496059
87.4161987304688
13.97143 17.27143 9.496059
-141.913925170898
14.97143 17.27143 9.496059
-65.7627639770508
15.97143 17.27143 9.496059
144.924057006836
11.97143 18.27143 9.496059
-22.8656444549561
12.97143 18.27143 9.496059
-75.2889709472656
13.97143 18.27143 9.496059
-143.433441162109
14.97143 18.27143 9.496059
-170.141876220703
15.97143 18.27143 9.496059
95.4228820800781
10.97143 19.27143 9.496059
75.8444900512695
11.97143 19.27143 9.496059
93.1436004638672
12.97143 19.27143 9.496059
102.43603515625
13.97143 19.27143 9.496059
-56.6456680297852
14.97143 19.27143 9.496059
-185.863021850586
15.97143 19.27143 9.496059
-6.03407621383667
11.97143 20.27143 9.496059
67.3118209838867
12.97143 20.27143 9.496059
100.565856933594
13.97143 20.27143 9.496059
42.8242263793945
14.97143 20.27143 9.496059
-24.9111480712891
12.97143 21.27143 9.496059
10.797492980957
13.97143 21.27143 9.496059
18.511962890625
14.97143 21.27143 9.496059
9.04420375823975
5.971428 -2.728571 10.49606
97.5852661132813
12.97143 16.27143 10.49606
-116.374359130859
13.97143 16.27143 10.49606
-84.8151702880859
12.97143 17.27143 10.49606
-113.627540588379
13.97143 17.27143 10.49606
-132.387725830078
14.97143 17.27143 10.49606
-98.6077041625977
15.97143 17.27143 10.49606
173.911758422852
10.97143 18.27143 10.49606
10.797492980957
11.97143 18.27143 10.49606
25.5251140594482
12.97143 18.27143 10.49606
33.5902404785156
13.97143 18.27143 10.49606
-90.1919174194336
14.97143 18.27143 10.49606
-175.693954467773
15.97143 18.27143 10.49606
29.9667797088623
10.97143 19.27143 10.49606
140.423950195313
11.97143 19.27143 10.49606
145.683807373047
12.97143 19.27143 10.49606
147.378662109375
13.97143 19.27143 10.49606
19.9145927429199
14.97143 19.27143 10.49606
-74.2954406738281
15.97143 19.27143 10.49606
-11.1186122894287
12.97143 20.27143 10.49606
116.754554748535
13.97143 20.27143 10.49606
50.7724685668945
14.97143 20.27143 10.49606
2.20637989044189
13.97143 21.27143 10.49606
3.49212408065796
5.971428 -2.728571 11.49606
-8.72245121002197
5.971428 -1.728571 11.49606
-25.0864753723145
11.97143 15.27143 11.49606
-158.102630615234
12.97143 15.27143 11.49606
-94.9257965087891
13.97143 15.27143 11.49606
-63.541934967041
11.97143 16.27143 11.49606
-134.959213256836
12.97143 16.27143 11.49606
-145.77116394043
13.97143 16.27143 11.49606
-111.815811157227
14.97143 16.27143 11.49606
-54.6586074829102
11.97143 17.27143 11.49606
-82.9449920654297
12.97143 17.27143 11.49606
-43.6713333129883
13.97143 17.27143 11.49606
-94.224479675293
14.97143 17.27143 11.49606
-117.601661682129
15.97143 17.27143 11.49606
63.9805755615234
10.97143 18.27143 11.49606
-23.3916301727295
11.97143 18.27143 11.49606
19.4470481872559
12.97143 18.27143 11.49606
61.5844116210938
13.97143 18.27143 11.49606
-23.3916301727295
14.97143 18.27143 11.49606
-100.127220153809
15.97143 18.27143 11.49606
0.453090995550156
11.97143 19.27143 11.49606
96.5917358398438
12.97143 19.27143 11.49606
122.77417755127
13.97143 19.27143 11.49606
48.2009773254395
14.97143 19.27143 11.49606
-21.4630146026611
12.97143 20.27143 11.49606
71.8703689575195
13.97143 20.27143 11.49606
22.1938667297363
14.97143 20.27143 11.49606
12.8429956436157
13.97143 21.27143 11.49606
-28.9437103271484
4.971428 -2.728571 12.49606
9.62863445281982
5.971428 -2.728571 12.49606
20.1483631134033
6.971428 2.271429 12.49606
194.425231933594
13.97143 14.27143 12.49606
-55.0677070617676
11.97143 15.27143 12.49606
-162.719619750977
12.97143 15.27143 12.49606
-143.667221069336
13.97143 15.27143 12.49606
-72.7174758911133
14.97143 15.27143 12.49606
-40.4569702148438
10.97143 16.27143 12.49606
-44.0804328918457
11.97143 16.27143 12.49606
-90.4256896972656
12.97143 16.27143 12.49606
-84.52294921875
13.97143 16.27143 12.49606
-122.861526489258
14.97143 16.27143 12.49606
-97.0297470092773
15.97143 16.27143 12.49606
37.8565788269043
10.97143 17.27143 12.49606
-59.801586151123
11.97143 17.27143 12.49606
-36.249080657959
12.97143 17.27143 12.49606
-4.3976731300354
13.97143 17.27143 12.49606
-78.3280029296875
14.97143 17.27143 12.49606
-107.19881439209
15.97143 17.27143 12.49606
-48.4052124023438
10.97143 18.27143 12.49606
-94.0491561889648
11.97143 18.27143 12.49606
15.9404716491699
12.97143 18.27143 12.49606
77.1886825561523
13.97143 18.27143 12.49606
11.3819217681885
14.97143 18.27143 12.49606
-54.2495079040527
15.97143 18.27143 12.49606
-99.2505722045898
11.97143 19.27143 12.49606
-30.9892139434814
12.97143 19.27143 12.49606
43.467098236084
13.97143 19.27143 12.49606
41.3047103881836
14.97143 19.27143 12.49606
17.7522029876709
12.97143 20.27143 12.49606
-11.4108266830444
13.97143 20.27143 12.49606
6.94025802612305
14.97143 20.27143 12.49606
45.804817199707
5.971428 -3.728571 13.49606
93.6111450195313
4.971428 -2.728571 13.49606
62.2272872924805
5.971428 -2.728571 13.49606
114.533721923828
4.971428 -1.728571 13.49606
122.423522949219
5.971428 1.271429 13.49606
111.085586547852
4.971428 2.271429 13.49606
188.990036010742
5.971428 2.271429 13.49606
306.285034179688
6.971428 2.271429 13.49606
271.979034423828
4.971428 3.271429 13.49606
79.4095153808594
5.971428 3.271429 13.49606
147.963088989258
6.971428 3.271429 13.49606
186.652313232422
7.971428 3.271429 13.49606
227.211730957031
5.971428 4.271429 13.49606
11.7910232543945
6.971428 4.271429 13.49606
30.9603080749512
7.971428 4.271429 13.49606
82.0978851318359
6.971428 5.271429 13.49606
40.1942939758301
7.971428 5.271429 13.49606
99.4554443359375
12.97143 14.27143 13.49606
-77.6851272583008
13.97143 14.27143 13.49606
-56.1781234741211
11.97143 15.27143 13.49606
-66.5225296020508
12.97143 15.27143 13.49606
-60.9704475402832
13.97143 15.27143 13.49606
-75.347412109375
14.97143 15.27143 13.49606
-57.9898567199707
10.97143 16.27143 13.49606
2.90769505500793
11.97143 16.27143 13.49606
-26.313777923584
12.97143 16.27143 13.49606
-37.7101516723633
13.97143 16.27143 13.49606
-121.692665100098
14.97143 16.27143 13.49606
-103.633796691895
15.97143 16.27143 13.49606
-66.5809707641602
10.97143 17.27143 13.49606
-61.204216003418
11.97143 17.27143 13.49606
-18.1317653656006
12.97143 17.27143 13.49606
-0.131338000297546
13.97143 17.27143 13.49606
-26.196891784668
14.97143 17.27143 13.49606
-72.7759246826172
15.97143 17.27143 13.49606
-223.500274658203
10.97143 18.27143 13.49606
-132.913711547852
11.97143 18.27143 13.49606
-42.0349311828613
12.97143 18.27143 13.49606
18.0444183349609
13.97143 18.27143 13.49606
18.9210624694824
14.97143 18.27143 13.49606
8.22600269317627
15.97143 18.27143 13.49606
-157.342864990234
11.97143 19.27143 13.49606
-105.913070678711
12.97143 19.27143 13.49606
-7.55359220504761
13.97143 19.27143 13.49606
39.4345359802246
14.97143 19.27143 13.49606
35.7526321411133
12.97143 20.27143 13.49606
-61.788646697998
13.97143 20.27143 13.49606
15.4729280471802
14.97143 20.27143 13.49606
53.4608421325684
14.97143 21.27143 13.49606
-4.45611619949341
4.971428 -3.728571 14.49606
127.157402038574
5.971428 -3.728571 14.49606
198.457794189453
4.971428 -2.728571 14.49606
205.412506103516
4.971428 0.2714291 14.49606
197.11360168457
5.971428 0.2714291 14.49606
65.441650390625
4.971428 1.271429 14.49606
207.399566650391
5.971428 1.271429 14.49606
249.770706176758
4.971428 2.271429 14.49606
139.138198852539
5.971428 2.271429 14.49606
235.393737792969
6.971428 2.271429 14.49606
234.400207519531
5.971428 3.271429 14.49606
73.3314437866211
6.971428 3.271429 14.49606
128.384704589844
7.971428 3.271429 14.49606
160.002334594727
6.971428 4.271429 14.49606
-36.6581802368164
7.971428 4.271429 14.49606
36.7461624145508
13.97143 14.27143 14.49606
-27.9501800537109
11.97143 15.27143 14.49606
51.7075538635254
12.97143 15.27143 14.49606
38.9669914245605
13.97143 15.27143 14.49606
-32.9762725830078
14.97143 15.27143 14.49606
-40.6907424926758
11.97143 16.27143 14.49606
7.9922308921814
12.97143 16.27143 14.49606
7.46624517440796
13.97143 16.27143 14.49606
-10.592625617981
14.97143 16.27143 14.49606
-34.3204612731934
11.97143 17.27143 14.49606
-16.4369201660156
12.97143 17.27143 14.49606
-7.72892093658447
13.97143 17.27143 14.49606
12.55078125
14.97143 17.27143 14.49606
-8.37179374694824
15.97143 17.27143 14.49606
-250.910018920898
10.97143 18.27143 14.49606
-116.31591796875
11.97143 18.27143 14.49606
-32.9762725830078
12.97143 18.27143 14.49606
0.86219197511673
13.97143 18.27143 14.49606
28.3303775787354
14.97143 18.27143 14.49606
16.349573135376
11.97143 19.27143 14.49606
-61.321102142334
12.97143 19.27143 14.49606
-6.38473415374756
13.97143 19.27143 14.49606
38.7916641235352
14.97143 19.27143 14.49606
-71.3148498535156
13.97143 20.27143 14.49606
62.4026145935059
14.97143 20.27143 14.49606
-85.9840240478516
4.971428 -3.728571 15.49606
244.686172485352
5.971428 -0.7285709 15.49606
57.0843048095703
6.971428 -0.7285709 15.49606
125.462554931641
4.971428 0.2714291 15.49606
219.847915649414
5.971428 0.2714291 15.49606
186.652313232422
4.971428 1.271429 15.49606
195.944747924805
5.971428 1.271429 15.49606
277.940216064453
6.971428 2.271429 15.49606
205.470947265625
6.971428 3.271429 15.49606
32.9473686218262
13.97143 15.27143 15.49606
56.4414329528809
14.97143 15.27143 15.49606
13.4274253845215
12.97143 16.27143 15.49606
62.6363868713379
13.97143 16.27143 15.49606
75.7276077270508
14.97143 16.27143 15.49606
13.0183248519897
11.97143 17.27143 15.49606
40.9540519714355
12.97143 17.27143 15.49606
59.7726821899414
13.97143 17.27143 15.49606
92.0331878662109
14.97143 17.27143 15.49606
19.6808204650879
10.97143 18.27143 15.49606
-52.9637603759766
11.97143 18.27143 15.49606
18.0444183349609
12.97143 18.27143 15.49606
43.583984375
13.97143 18.27143 15.49606
33.2395858764648
14.97143 18.27143 15.49606
-195.213897705078
11.97143 19.27143 15.49606
-6.56006193161011
12.97143 19.27143 15.49606
49.3698387145996
13.97143 19.27143 15.49606
-12.75501537323
13.97143 20.27143 15.49606
-39.5218849182129
6.971428 -1.728571 16.49606
256.199432373047
7.971428 -1.728571 16.49606
234.575531005859
5.971428 -0.7285709 16.49606
115.235038757324
6.971428 -0.7285709 16.49606
182.79508972168
7.971428 -0.7285709 16.49606
250.939559936523
8.971428 -0.7285709 16.49606
223.412933349609
5.971428 0.2714291 16.49606
240.12760925293
6.971428 0.2714291 16.49606
211.665893554688
13.97143 16.27143 16.49606
136.157608032227
14.97143 16.27143 16.49606
-95.8024444580078
12.97143 17.27143 16.49606
79.7601699829102
13.97143 17.27143 16.49606
15.3560428619385
11.97143 18.27143 16.49606
84.318717956543
12.97143 18.27143 16.49606
18.9795055389404
13.97143 18.27143 16.49606
-147.758224487305
11.97143 19.27143 16.49606
40.6033935546875
12.97143 19.27143 16.49606
65.441650390625
13.97143 19.27143 16.49606
-241.266937255859
-2.028572 20.27143 16.49606
284.310485839844
12.97143 20.27143 16.49606
33.5317993164063
-3.028572 21.27143 16.49606
357.656372070313
-2.028572 21.27143 16.49606
247.608306884766
-1.028572 21.27143 16.49606
134.170547485352
-3.028572 22.27143 16.49606
287.291076660156
-2.028572 22.27143 16.49606
225.867538452148
-1.028572 22.27143 16.49606
98.4034729003906
8.971428 -0.7285709 17.49606
219.555694580078
12.97143 17.27143 17.49606
-43.4960060119629
13.97143 17.27143 17.49606
-279.137969970703
11.97143 18.27143 17.49606
160.236114501953
12.97143 18.27143 17.49606
-174.934188842773
12.97143 19.27143 17.49606
-190.363128662109
-3.028572 20.27143 17.49606
254.796798706055
-2.028572 20.27143 17.49606
239.952285766602
-1.028572 20.27143 17.49606
116.053237915039
-4.028572 21.27143 17.49606
237.263916015625
-3.028572 21.27143 17.49606
241.997787475586
-2.028572 21.27143 17.49606
189.457580566406
-1.028572 21.27143 17.49606
48.4347496032715
-0.02857208 21.27143 17.49606
-41.3920593261719
-3.028572 22.27143 17.49606
233.056015014648
-2.028572 22.27143 17.49606
221.659637451172
-1.028572 22.27143 17.49606
47.441219329834
-1.028572 18.27143 18.49606
60.2986679077148
-3.028572 19.27143 18.49606
125.170341491699
-2.028572 19.27143 18.49606
214.938705444336
-1.028572 19.27143 18.49606
99.6892166137695
-0.02857208 19.27143 18.49606
-63.4834938049316
-3.028572 20.27143 18.49606
204.418975830078
-2.028572 20.27143 18.49606
172.801345825195
-1.028572 20.27143 18.49606
-2.527498960495
-0.02857208 20.27143 18.49606
-85.6333694458008
-4.028572 21.27143 18.49606
129.4951171875
-3.028572 21.27143 18.49606
158.775039672852
-2.028572 21.27143 18.49606
207.165786743164
-1.028572 21.27143 18.49606
-12.75501537323
-3.028572 22.27143 18.49606
154.333374023438
-2.028572 22.27143 18.49606
204.126754760742
-1.028572 22.27143 18.49606
24.8237991333008
-2.028572 18.27143 19.49606
186.067886352539
-1.028572 18.27143 19.49606
55.0388031005859
-0.02857208 18.27143 19.49606
-110.588508605957
-3.028572 19.27143 19.49606
132.534149169922
-2.028572 19.27143 19.49606
168.242797851563
-1.028572 19.27143 19.49606
24.0640411376953
-0.02857208 19.27143 19.49606
-71.3148498535156
-4.028572 20.27143 19.49606
119.033828735352
-3.028572 20.27143 19.49606
108.689430236816
-2.028572 20.27143 19.49606
162.573822021484
-1.028572 20.27143 19.49606
-30.11256980896
-4.028572 21.27143 19.49606
100.448974609375
-3.028572 21.27143 19.49606
57.3180770874023
-2.028572 21.27143 19.49606
212.659423828125
-1.028572 21.27143 19.49606
-53.48974609375
-3.028572 22.27143 19.49606
96.8839492797852
-2.028572 22.27143 19.49606
154.391815185547
-2.028572 17.27143 20.49606
147.612426757813
-1.028572 17.27143 20.49606
109.566070556641
-3.028572 18.27143 20.49606
84.2602767944336
-2.028572 18.27143 20.49606
139.138198852539
-1.028572 18.27143 20.49606
40.4280662536621
-0.02857208 18.27143 20.49606
-50.8013725280762
-3.028572 19.27143 20.49606
86.7148818969727
-2.028572 19.27143 20.49606
121.897537231445
-1.028572 19.27143 20.49606
5.24541282653809
-0.02857208 19.27143 20.49606
0.803749024868011
-4.028572 20.27143 20.49606
84.9031524658203
-3.028572 20.27143 20.49606
26.8693027496338
-2.028572 20.27143 20.49606
116.34545135498
-1.028572 20.27143 20.49606
-33.0347175598145
-4.028572 21.27143 20.49606
187.58740234375
-3.028572 21.27143 20.49606
60.2986679077148
-2.028572 21.27143 20.49606
134.521209716797
-1.028572 21.27143 20.49606
-11.1770553588867
-2.028572 17.27143 21.49606
89.6370315551758
-1.028572 17.27143 21.49606
73.2145614624023
-3.028572 18.27143 21.49606
63.0454864501953
-2.028572 18.27143 21.49606
85.4875793457031
-1.028572 18.27143 21.49606
6.99870109558105
-0.02857208 18.27143 21.49606
-19.9434967041016
-3.028572 19.27143 21.49606
54.4543724060059
-2.028572 19.27143 21.49606
72.5716857910156
-1.028572 19.27143 21.49606
-11.1770553588867
-0.02857208 19.27143 21.49606
69.4742126464844
-5.028572 20.27143 21.49606
102.903579711914
-4.028572 20.27143 21.49606
199.276000976563
-3.028572 20.27143 21.49606
42.7073402404785
-2.028572 20.27143 21.49606
60.1817817687988
-1.028572 20.27143 21.49606
9.33641910552979
-3.028572 21.27143 21.49606
34.4668846130371
-2.028572 21.27143 21.49606
76.0782623291016
-1.028572 21.27143 21.49606
26.1095447540283
-2.028572 18.27143 22.49606
88.9941558837891
-1.028572 18.27143 22.49606
1.32973504066467
-3.028572 19.27143 22.49606
44.0515289306641
-2.028572 19.27143 22.49606
123.417053222656
-1.028572 19.27143 22.49606
51.882884979248
-3.028572 20.27143 22.49606
-7.9042501449585
-2.028572 20.27143 22.49606
102.962020874023
-1.028572 20.27143 22.49606
81.1043548583984
-3.028572 21.27143 22.49606
-48.4052124023438
-2.028572 21.27143 22.49606
59.6557960510254
-2.028572 20.27143 23.49606
42.2982406616211
-2.028572 21.27143 23.49606
-191.88264465332