0.52778
0.55791
0.54784
0.53417
0.53481
0.55163
0.58757
0.48054
0.53854
0.38805
0.46524
0.54761
0.55558
0.2759
0.38404
0.47438
0.56745
0.58816
0.54959
0.35879
0.32552
0.39329
0.56448
0.62893
0.23291
0.27956
0.31243
0.50689
0.59979
0.37444
0.13554
0.26549
0.3489
0.40568
0.42441
0.53231
0.61439
0.10948
0.22355
0.3642
0.57129
0.59368
0.43849
0.52882
0.48915
0.5963
0.54243
0.63126
0.47042
0.57792
0.62463
0.24664
0.30842
0.45268
0.34524
0.35809
0.46042
0.51713
0.46548
0.25961
0.39195
0.31272
0.37671
0.52068
0.49933
0.44366
0.45245
0.40742
0.41603
0.40702
0.35129
0.44442
0.55395
0.50742
0.39207
0.43081
0.47251
0.45314
0.46524
0.48252
0.39654
0.3243
0.47932
0.61009
0.5418
0.26619
0.23419
0.45884
0.49363
0.48595
0.38602
0.47193
0.42644
0.51603
0.60578
0.39358
0.36158
0.47077
0.53068
0.57821
0.43936
0.53295
0.54784
0.57367
0.6109
0.47397
0.51573
0.52277
0.56989
0.53557
0.70136
0.66651
0.6561
0.6739
0.6579
0.57356
0.55378
0.57565
0.56756
0.65889
0.70671
0.45954
0.50829
0.59072
0.62155
0.56937
0.64697
0.59264
0.47432
0.44163
0.32343
0.42336
0.55942
0.49788
0.21174
0.12699
0.082601
0.57687
0.49677
0.48339
0.34646
0.46583
0.35484
0.28404
0.39084
0.57937
0.52935
0.5358
0.48141
0.42993
0.48956
0.3389
0.31208
0.45268
0.61433
0.57135
0.5664
0.55994
0.54982
0.49887
0.38823
0.4126
0.50951
0.50992
0.54092
0.56053
0.59659
0.50294
0.51358
0.52225
0.55808
0.58548
0.41173
0.49602
0.56756
0.61468
0.62672
0.52842
0.56966
0.57734
0.58269
0.59159
0.60386
0.59182
0.63074
0.66093
0.5913
0.63696
0.67436
0.64336
0.57617
0.66733
0.60206
0.56041
0.60474
0.60276
0.55116
0.60194
0.61904
0.6123
0.5347
0.54424
0.5696
0.58798
0.56146
0.55669
0.50486
0.57065
0.61311
0.60485
0.63824
0.32389
0.35111
0.32511
0.44896
0.30481
0.45192
0.45175
0.3745
0.59112
0.55227
0.56512
0.29166
0.16148
0
0.67099
0.61742
0.53353
0.49683
0.57804
0.48304
0.43837
0.25787
0.65296
0.6216
0.51696
0.60142
0.53452
0.58275
0.59525
0.51376
0.41115
0.38381
0.61683
0.60031
0.57327
0.63504
0.62603
0.60968
0.6159
0.57047
0.45629
0.4578
0.50439
0.60869
0.64621
0.60154
0.63109
0.66029
0.60683
0.57769
0.55721
0.60124
0.58141
0.64447
0.60351
0.67053
0.69862
0.63016
0.59775
0.63097
0.6956
0.64499
0.61707
0.62835
0.74743
0.69141
0.70409
0.63818
0.58618
0.6237
0.63789
0.62451
0.60671
0.66488
0.6479
0.69344
0.61899
0.61014
0.64813
0.62998
0.58757
0.54622
0.57094
0.59072
0.53202
0.54459
0.58182
0.58682
0.5607
0.61183
0.34634
0.50794
0.57263
0.50521
0.27247
0.50724
0.56972
0.57373
0.5981
0.54185
0.37834
0.56855
0.60229
0.4578
0.52609
0.44675
0.30743
0.57053
0.56035
0.68559
0.55802
0.54086
0.37438
0.19435
0.59647
0.59514
0.69368
0.62812
0.50486
0.5817
0.66081
0.61439
0.61968
0.54185
0.62178
0.57047
0.52382
0.67948
0.61014
0.53319
0.61358
0.62224
0.68193
0.69629
0.65203
0.61992
0.51335
0.48717
0.73794
0.56582
0.57344
0.68798
0.6721
0.61928
0.72189
0.6967
0.63638
0.52062
0.5536
0.5201
0.66401
0.55645
0.63452
0.70537
0.71991
0.73248
0.68495
0.6664
0.52347
0.56983
0.59601
0.62254
0.59944
0.65622
0.67855
0.71439
0.69158
0.67163
0.59508
0.67332
0.67657
0.60474
0.64028
0.73509
0.75807
0.69973
0.56285
0.61364
0.70647
0.78692
0.73736
0.69176
0.58385
0.62696
0.66541
0.60462
0.71078
0.65406
0.61253
0.51498
0.54691
0.51143
0.49788
0.68844
0.38026
0.69414
0.63964
0.62539
0.48333
0.56093
0.49782
0.50137
0.53191
0.55791
0.60229
0.52917
0.57559
0.49945
0.54278
0.62021
0.62352
0.62806
0.6027
0.62754
0.54104
0.60439
0.64406
0.70793
0.51655
0.59967
0.56303
0.4735
0.64348
0.66517
0.70136
0.62283
0.58595
0.50585
0.47193
0.63219
0.6611
0.717
0.72736
0.61172
0.65034
0.5682
0.4706
0.45599
0.65063
0.6931
0.70281
0.62504
0.63365
0.64877
0.64004
0.59746
0.65307
0.55087
0.61108
0.62422
0.76459
0.68827
0.71287
0.67733
0.64586
0.57501
0.6753
0.62777
0.55366
0.60282
0.6835
0.75923
0.60997
0.69513
0.66343
0.71764
0.58868
0.54947
0.602
0.64307
0.54098
0.64929
0.73317
0.7337
0.74283
0.68245
0.74405
0.55954
0.56378
0.61369
0.60648
0.54418
0.70519
0.70938
0.75097
0.7184
0.79111
0.5504
0.56262
0.6472
0.58147
0.54273
0.66587
0.67547
0.74731
0.7711
0.61509
0.64045
0.55052
0.63766
0.70717
0.75842
0.77407
0.62352
0.62288
0.62975
0.71852
0.74469
0.65697
0.68047
0.53679
0.57542
0.65115
0.5443
0.58973
0.70525
0.72497
0.5664
0.58746
0.56658
0.52522
0.5988
0.64819
0.61771
0.75231
0.80129
0.71456
0.64918
0.44488
0.59246
0.65453
0.61329
0.57815
0.59816
0.70752
0.62748
0.60916
0.60747
0.4514
0.64976
0.70421
0.70985
0.64987
0.63737
0.59665
0.55424
0.59554
0.68565
0.58269
0.61614
0.64057
0.61567
0.70554
0.6814
0.55791
0.61259
0.62672
0.62754
0.64691
0.55773
0.63277
0.59229
0.61544
0.60898
0.6543
0.68664
0.73056
0.69222
0.60881
0.54808
0.55029
0.67879
0.7081
0.73143
0.66855
0.71299
0.58525
0.54784
0.62126
0.66238
0.78268
0.72875
0.74603
0.696
0.66605
0.5892
0.57129
0.63609
0.66482
0.67547
0.69978
0.69682
0.7526
0.72811
0.68914
0.62428
0.61829
0.61259
0.61468
0.57891
0.65767
0.70316
0.843
0.62038
0.70927
0.6568
0.6814
0.62678
0.57408
0.52877
0.56547
0.68873
0.74138
0.74446
0.77459
0.71881
0.64237
0.7526
0.64092
0.56855
0.63021
0.56332
0.55994
0.65982
0.71334
0.80077
0.67215
0.77075
0.64481
0.58938
0.65755
0.55273
0.54947
0.68007
0.7184
0.67657
0.75691
0.62608
0.62184
0.56099
0.51451
0.64458
0.80746
0.67239
0.66395
0.50183
0.60578
0.69182
0.47071
0.53447
0.61468
0.65744
0.70426
0.69571
0.68297
0.77686
0.7483
0.58374
0.62381
0.64388
0.72532
0.67466
0.63795
0.60601
0.62963
0.64813
0.67774
0.62655
0.43959
0.75784
0.76854
0.90076
0.70804
0.59863
0.58217
0.7255
0.72864
0.64854
0.66564
0.70863
0.71281
0.72288
0.72596
0.67355
0.65185
0.5881
0.32267
0.65587
0.759
0.77389
0.76558
0.71561
0.70362
0.74551
0.63341
0.60433
0.62015
0.76709
0.65843
0.61555
0.58001
0.65691
0.67698
0.66395
0.63807
0.63173
0.54197
0.55244
0.6554
0.69781
0.65261
0.66448
0.49584
0.69949
0.61329
0.6483
0.64336
0.59165
0.6586
0.64383
0.62957
0.64737
0.72701
0.82031
0.63591
0.55872
0.61573
0.62818
0.63202
0.64761
0.68926
0.77721
0.25682
0.55645
0.68105
0.57385
0.53028
0.59258
0.59805
0.64871
0.76144
0.78163
0.68414
0.66971
0.66512
0.59101
0.56471
0.62754
0.67838
0.775
0.75668
0.78262
0.74615
0.69978
0.60014
0.61718
0.62044
0.67419
0.68204
0.73887
0.75493
0.86115
0.61526
0.74731
0.66482
0.60241
0.58461
0.59647
0.60567
0.65808
0.7369
0.76005
0.80432
0.78675
0.72067
0.66785
0.65476
0.6109
0.57914
0.55355
0.6216
0.70915
0.75871
0.79251
0.80077
0.70944
0.70444
0.66093
0.6098
0.5205
0.56873
0.65389
0.7348
0.84678
0.61753
0.66907
0.64074
0.61014
0.50556
0.56233
0.70409
0.78634
0.66308
0.62387
0.53086
0.51422
0.64941
0.41987
0.46821
0.49247
0.51905
0.57658
0.6657
0.62457
0.67768
0.6839
0.69414
0.69897
0.74149
0.74446
0.67181
0.74423
0.74876
0.59374
0.66291
0.63522
0.68774
0.6561
0.68286
0.77802
0.73498
0.79489
0.75621
0.75697
0.81037
0.69641
0.64941
0.68501
0.7049
0.83358
0.61189
0.76877
0.74847
0.7405
0.60759
0.41853
0.68338
0.78652
0.78692
0.75324
0.68041
0.7081
0.76319
0.70979
0.6764
0.62614
0.64377
0.63766
0.71788
0.53115
0.60939
0.71631
0.72363
0.72154
0.69885
0.67378
0.71985
0.77285
0.58391
0.6091
0.62457
0.81229
0.74737
0.73125
0.7081
0.67291
0.62085
0.58635
0.58059
0.59368
0.60695
0.62067
0.63155
0.67396
0.76837
0.71788
0.72148
0.47804
0.68216
0.61387
0.59403
0.59816
0.61631
0.63237
0.65802
0.69385
0.73085
0.6561
0.68931
0.73044
0.73643
0.61142
0.57175
0.59898
0.66372
0.62539
0.6305
0.61439
0.72486
0.82188
0.4578
0.65214
0.60386
0.56675
0.539
0.59002
0.60555
0.64237
0.77145
0.82758
0.91955
0.76639
0.64301
0.62166
0.68181
0.65028
0.60561
0.61963
0.68739
0.73829
0.75749
0.72916
0.80973
0.69432
0.67343
0.65907
0.66581
0.65057
0.68012
0.72997
0.759
0.7533
0.80653
0.80083
0.75749
0.66366
0.66256
0.59566
0.60404
0.63708
0.72794
0.7878
0.79891
0.80379
0.89221
0.69496
0.74556
0.68344
0.58408
0.6084
0.58694
0.68536
0.75167
0.80554
0.82502
0.72171
0.74376
0.68716
0.62067
0.60334
0.51684
0.60939
0.71026
0.76331
0.72776
0.63062
0.59089
0.5817
0.46763
0.56279
0.70944
0.37979
0.46745
0.43296
0.46897
0.56338
0.66831
0.46757
0.55692
0.62387
0.67402
0.7056
0.6725
0.71008
0.74853
0.62637
0.72334
0.7818
0.61823
0.6992
0.79216
0.64481
0.67128
0.69414
0.52731
0.60916
0.72003
0.60159
0.69077
0.74894
0.78675
0.74388
0.81403
0.74795
0.80757
0.77523
0.85876
0.76587
0.70525
0.73038
0.77837
0.69379
0.71578
0.74696
0.78902
0.69501
0.78192
0.80286
0.73538
0.62882
0.55366
0.36589
0.31935
0.72241
0.8131
0.80612
0.8056
0.68675
0.71264
0.79158
0.66529
0.64365
0.63679
0.65563
0.58374
0.69973
0.54703
0.65412
0.73585
0.733
0.74859
0.71055
0.6757
0.74033
0.76174
0.66576
0.67989
0.64505
0.86272
0.7857
0.67832
0.67687
0.65191
0.63929
0.65924
0.65313
0.63667
0.75196
0.75458
0.76267
0.88418
0.72625
0.72276
0.56797
0.70066
0.67186
0.63324
0.60241
0.59426
0.62632
0.62649
0.69077
0.74527
0.7903
0.66232
0.70089
0.7558
0.68792
0.60485
0.6045
0.62684
0.67535
0.67873
0.66459
0.67512
0.62771
0.73556
0.77669
0.84399
0.63231
0.65459
0.71532
0.68454
0.63533
0.66895
0.61032
0.67047
0.75743
0.78233
0.76092
0.75272
0.56861
0.6276
0.68303
0.76936
0.73131
0.61695
0.63318
0.691
0.74237
0.72294
0.67966
0.77756
0.77517
0.67128
0.79001
0.72666
0.68716
0.67652
0.73271
0.73021
0.74394
0.71863
0.91437
0.63929
0.71299
0.71171
0.76738
0.67599
0.65296
0.64697
0.74679
0.77919
0.78937
0.75714
0.79047
0.67687
0.66954
0.76569
0.75825
0.62463
0.62219
0.53458
0.59031
0.69123
0.7433
0.7551
0.69659
0.67244
0.78256
0.73044
0.60293
0.5155
0.60421
0.66831
0.67169
0.60776
0.54808
0.62067
0.42889
0.40597
0.49334
0.39294
0.46379
0.58478
0.67396
0.45332
0.47484
0.59107
0.69001
0.73928
0.53132
0.58938
0.6842
0.75819
0.60799
0.70101
0.78268
0.62288
0.65947
0.78384
0.6027
0.69565
0.70508
0.65738
0.71439
0.45175
0.73649
0.78611
0.83648
0.77773
0.82276
0.75103
0.84608
0.90245
0.68379
0.47385
0.33733
0.69769
0.80077
0.71421
0.73085
0.73905
0.74655
0.83567
0.79972
0.73451
0.6928
0.65139
0.46007
0.41801
0.6362
0.75953
0.82252
0.78588
0.70845
0.78058
0.76848
0.73143
0.77261
0.70682
0.81484
0.67756
0.65965
0.77814
0.76912
0.81124
0.75697
0.69152
0.75836
0.80786
0.8113
0.76302
0.90966
0.80257
0.644
0.57239
0.71014
0.70357
0.69234
0.7177
0.69589
0.64953
0.6707
0.74684
0.77494
0.8309
0.92147
0.74725
0.71974
0.58222
0.49322
0.62957
0.67797
0.68571
0.69059
0.70013
0.6725
0.62527
0.70054
0.82031
0.83817
0.66035
0.69187
0.65802
0.52714
0.70136
0.73184
0.72334
0.6878
0.65814
0.6504
0.73486
0.68513
0.70327
0.73358
0.76307
0.67634
0.68838
0.81298
0.78628
0.68856
0.628
0.67256
0.71119
0.72474
0.73573
0.66407
0.77511
0.66186
0.64196
0.71596
0.73259
0.71683
0.63126
0.62783
0.72794
0.68617
0.71194
0.71119
0.80705
0.73515
0.66994
0.79623
0.75801
0.70781
0.68542
0.67989
0.68879
0.65831
0.84312
0.67471
0.70962
0.80193
0.76843
0.70118
0.55704
0.61823
0.67297
0.70386
0.71212
0.68047
0.73824
0.6853
0.57577
0.63114
0.65947
0.64877
0.60043
0.63341
0.56309
0.55837
0.58228
0.46635
0.49305
0.42586
0.53906
0.4265
0.51579
0.64429
0.45407
0.43273
0.61253
0.73021
0.58251
0.69385
0.78052
0.60439
0.67093
0.76988
0.6504
0.60985
0.73911
0.6458
0.61206
0.67663
0.71596
0.63754
0.77459
0.77634
0.62637
0.65994
0.73614
0.70403
0.77296
0.81618
0.78913
0.65697
0.41196
0.38247
0.72579
0.7451
0.73364
0.79065
0.73696
0.76208
0.73637
0.78
0.59828
0.75423
0.82921
0.75377
0.7202
0.80333
0.87674
0.76912
0.84108
0.712
0.69071
0.77069
0.81624
0.75545
0.69257
0.70549
0.78803
0.82473
0.79291
0.93246
0.9053
0.79152
0.74045
0.77296
0.76831
0.78721
0.75185
0.66861
0.72358
0.80251
0.86348
0.77756
0.75115
0.36443
0.62893
0.73056
0.74312
0.74132
0.74527
0.70909
0.71491
0.40137
0.6365
0.77599
0.79332
0.73585
0.68321
0.65843
0.63591
0.63382
0.70514
0.72683
0.67349
0.62754
0.7462
0.77459
0.68792
0.63242
0.6077
0.68611
0.73911
0.73882
0.72102
0.72503
0.64708
0.62323
0.64284
0.66035
0.66296
0.76005
0.60084
0.64796
0.67652
0.66628
0.68681
0.62794
0.65761
0.66878
0.6579
0.52737
0.60264
0.47321
0.62358
0.50928
0.60543
0.71194
0.5415
0.66017
0.7583
0.59153
0.67716
0.76558
0.62242
0.64144
0.74097
0.70362
0.57321
0.65784
0.63568
0.7704
0.59903
0.65337
0.69705
0.59711
0.58141
0.57972
0.68687
0.81659
0.56343
0.69821
0.74696
0.8131
0.80356
0.82532
0.6504
0.78547
0.86929
0.76761
0.72974
0.87488
0.78122
0.76895
0.6575
0.78838
0.82555
0.79978
0.7202
0.74033
0.74085
0.84114
0.80344
0.77814
0.78006
0.79006
0.81194
0.70502
0.74364
0.80222
0.70851
0.70752
0.63545
0.7337
0.74237
0.73858
0.70613
0.72881
0.74021
0.69961
0.6689
0.61276
0.696
0.58612
0.68757
0.58694
0.65057
0.73626
0.60229
0.67512
0.76924
0.60026
0.6472
0.72078
0.69792
0.62451
0.63149
0.60607
0.57321
0.54901
0.58443
0.58821
0.57914
0.82863
0.81514
0.80292
0.72701
0.7818
0.87121
0.78314
0.8145
0.73253
0.65674
0.65063
0.70083
0.64505
0.61026
0.69158
0.6522
0.72538
0.61154
0.6486
0.70711
0.65063
0.62387
0.66727
0.75563
0.59618
0.56524
0.70706
0.69467
0.61259
0.61003
0.6212
0.64202
0.67308
0.60741
0.35914
0.6212
0.62893
0.60444
0.2022
0.59711
0.56768
0.57402
0.62411
0.57164
0.58554
0.44378
0.61666
0.57879
0.56466
0.29754
0.57623
0.57466
0.50573
0.60514
0.55651
0.59287
0.40254
0.5952
0.56867
0.54057
0.63231
0.50358
0.64034
0.38142
0.58054
0.63562
0.64371
0.58001
0.54034
0.59409
0.58333
0.61695
0.67372
0.34169
0.76808
0.61334
0.59688
0.64313
0.59514
0.68251
0.6803
0.68635
0.6714
0.58385
0.93892
0.5023
0.63429
0.6903
0.59607
0.48892
0.49159
0.51946
0.73777
0.79466
0.70595
0.69461
0.65441
0.58554
0.5105
0.6426
0.68879
0.66395
0.70473
0.66192
0.55605
0.64737
0.6308
0.9516
0.78035
0.97068
0.78239
0.90943
0.82863
0.82252
0.73102
0.50276
0.57856
0.78826
0.62126
0.56908
0.50125
0.47467
0.73899
0.7195
0.73672
0.74597
0.58763
0.45902
0.63801
0.71101
0.74411
0.68664
0.61922
0.65476
0.66244
0.65302
0.74114
0.52818
0.5596
0.53092
0.51224
0.54587
0.81711
0.65476
0.66942
0.67745
0.55424
0.46914
0.67384
0.78378
0.78902
0.7907
0.66384
0.57007
0.63295
0.76022
0.69455
0.64621
0.64749
0.63533
0.61904
0.48665
0.54953
0.58077
0.50969
0.49892
0.53272
0.58961
0.56146
0.60055
0.55023
0.52696
0.7077
0.62073
0.66337
0.70531
0.62073
0.54435
0.64447
0.74015
0.76621
0.69199
0.62265
0.71555
0.6661
0.6568
0.61521
0.6536
0.66407
0.83753
0.5892
0.48205
0.50102
0.57164
0.60375
0.60014
0.55401
0.55989
0.52173
0.54744
0.68169
0.58449
0.60793
0.63964
0.56605
0.53732
0.59584
0.5504
0.65988
0.72084
0.65534
0.59002
0.54523
0.61317
0.68728
0.68513
0.66168
0.63266
0.65092
0.68961
0.73719
0.70595
0.75801
0.76587
0.75458
0.83212
0.94887
0.91472
0.72305
0.79129
0.82979
0.87016
0.65575
0.67483
0.72573
0.68402
0.74301
0.56669
0.5881
0.5778
0.58333
0.56902
0.5863
0.64691
0.61782
0.60648
0.52289
0.54086
0.57774
0.5831
0.62597
0.64388
0.61794
0.57158
0.42156
0.51172
0.60218
0.66197
0.66285
0.6522
0.48741
0.5386
0.6365
0.68326
0.6796
0.58251
0.65941
0.69723
0.63958
0.77058
0.84155
0.84847
0.84021
0.70915
0.85045
0.89262
0.7825
0.87831
0.87732
0.717
0.7718
0.80327
0.60753
0.68059
0.61619
0.69548
0.6828
0.61119
0.60351
0.65197
0.65145
0.63347
0.60985
0.62765
0.63632
0.65651
0.63568
0.39428
0.52824
0.61119
0.64487
0.67221
0.66029
0.58298
0.63766
0.68262
0.57303
0.70613
0.55843
0.88756
0.70083
0.76889
0.86284
0.82979
0.83904
0.92066
0.84853
0.67681
0.70019
0.65738
0.70636
0.71939
0.65697
0.68478
0.70351
0.73562
0.6636
0.5913
0.66197
0.68739
0.6771
0.44971
0.63748
0.69315
0.63132
0.60468
0.89902
0.87749
0.75871
0.82596
0.89378
0.86638
0.88302
0.85469
0.77954
0.54866
0.7234
0.6593
0.72794
0.66291
0.49695
0.68443
0.70915
0.40387
0.927
0.67739
1
0.89047
0.77756
0.92996
0.86883
0.74196
0.86254
0.60072
0.36618
0.8035
0.4699
0.45454
0.89762
0.88285
0.75953
0.88017
0.88488
0.83259
0.69222
0.60282
0.87598
0.86464
0.69123
0.70403
0.7686
0.85795
0.74324
0.58083
0.84748
0.81601
0.6415
0.55878
0.7729
0.80205
0.85021
0.63132
0.79763
0.84719
0.66872
0.82921
0.6988
0.53394
0.77593
0.81147
0.66797
0.57303
0.76249
0.7522
0.80583
0.61404
0.74399
0.70106
0.85568
0.59077
0.74045
0.79768
0.79094
0.75307
0.72788
0.7825
0.68425
0.59345
0.73032
0.76534
0.64924
0.64481
0.72852
0.67076
0.75982
0.61113
0.83073
0.70403
0.77791
0.63289
0.73323
0.71689
0.70677
0.7291
0.65098
0.62416
0.69821
0.71625
0.63289
0.71316
0.74644
0.84236
0.68652
0.70391
0.65331
0.67832
0.71974
0.67
0.73259
0.64534
0.68786
0.76685
0.69565
0.63615
0.7465
0.72474
0.59584
0.70339
0.68611
0.45303
