-15.02857 -0.7285709 -12.50394
-14.02857 -0.7285709 -12.50394
-15.02857 0.2714291 -12.50394
-15.02857 -1.728571 -11.50394
-15.02857 -0.7285709 -11.50394
-14.02857 -0.7285709 -11.50394
-15.02857 0.2714291 -11.50394
-16.02857 1.271429 -11.50394
-16.02857 -2.728571 -10.50394
-18.02857 -1.728571 -10.50394
-17.02857 -1.728571 -10.50394
-16.02857 -1.728571 -10.50394
-15.02857 -1.728571 -10.50394
-19.02857 -0.7285709 -10.50394
-18.02857 -0.7285709 -10.50394
-17.02857 -0.7285709 -10.50394
-16.02857 -0.7285709 -10.50394
-15.02857 -0.7285709 -10.50394
-14.02857 -0.7285709 -10.50394
-19.02857 0.2714291 -10.50394
-18.02857 0.2714291 -10.50394
-17.02857 0.2714291 -10.50394
-16.02857 0.2714291 -10.50394
-15.02857 0.2714291 -10.50394
9.971428 0.2714291 -10.50394
-18.02857 1.271429 -10.50394
-17.02857 1.271429 -10.50394
-16.02857 1.271429 -10.50394
-15.02857 1.271429 -10.50394
8.971428 1.271429 -10.50394
9.971428 1.271429 -10.50394
10.97143 1.271429 -10.50394
11.97143 1.271429 -10.50394
-18.02857 2.271429 -10.50394
-17.02857 2.271429 -10.50394
-16.02857 2.271429 -10.50394
-15.02857 2.271429 -10.50394
9.971428 2.271429 -10.50394
10.97143 2.271429 -10.50394
11.97143 2.271429 -10.50394
-17.02857 3.271429 -10.50394
-16.02857 3.271429 -10.50394
9.971428 3.271429 -10.50394
10.97143 3.271429 -10.50394
11.97143 3.271429 -10.50394
-17.02857 4.271429 -10.50394
-16.02857 4.271429 -10.50394
-15.02857 4.271429 -10.50394
9.971428 4.271429 -10.50394
-16.02857 5.271429 -10.50394
-15.02857 5.271429 -10.50394
8.971428 -6.728571 -9.503941
-16.02857 -3.728571 -9.503941
10.97143 -3.728571 -9.503941
-18.02857 -2.728571 -9.503941
-17.02857 -2.728571 -9.503941
-16.02857 -2.728571 -9.503941
9.971428 -2.728571 -9.503941
10.97143 -2.728571 -9.503941
-19.02857 -1.728571 -9.503941
-18.02857 -1.728571 -9.503941
-17.02857 -1.728571 -9.503941
-16.02857 -1.728571 -9.503941
-15.02857 -1.728571 -9.503941
9.971428 -1.728571 -9.503941
10.97143 -1.728571 -9.503941
11.97143 -1.728571 -9.503941
12.97143 -1.728571 -9.503941
-19.02857 -0.7285709 -9.503941
-18.02857 -0.7285709 -9.503941
-17.02857 -0.7285709 -9.503941
-16.02857 -0.7285709 -9.503941
-15.02857 -0.7285709 -9.503941
-14.02857 -0.7285709 -9.503941
9.971428 -0.7285709 -9.503941
10.97143 -0.7285709 -9.503941
11.97143 -0.7285709 -9.503941
12.97143 -0.7285709 -9.503941
13.97143 -0.7285709 -9.503941
-19.02857 0.2714291 -9.503941
-18.02857 0.2714291 -9.503941
-17.02857 0.2714291 -9.503941
-16.02857 0.2714291 -9.503941
-15.02857 0.2714291 -9.503941
-14.02857 0.2714291 -9.503941
8.971428 0.2714291 -9.503941
9.971428 0.2714291 -9.503941
10.97143 0.2714291 -9.503941
11.97143 0.2714291 -9.503941
12.97143 0.2714291 -9.503941
-19.02857 1.271429 -9.503941
-18.02857 1.271429 -9.503941
-17.02857 1.271429 -9.503941
-16.02857 1.271429 -9.503941
-15.02857 1.271429 -9.503941
8.971428 1.271429 -9.503941
9.971428 1.271429 -9.503941
10.97143 1.271429 -9.503941
11.97143 1.271429 -9.503941
12.97143 1.271429 -9.503941
-19.02857 2.271429 -9.503941
-18.02857 2.271429 -9.503941
-17.02857 2.271429 -9.503941
-16.02857 2.271429 -9.503941
-15.02857 2.271429 -9.503941
9.971428 2.271429 -9.503941
10.97143 2.271429 -9.503941
11.97143 2.271429 -9.503941
12.97143 2.271429 -9.503941
-18.02857 3.271429 -9.503941
-17.02857 3.271429 -9.503941
-16.02857 3.271429 -9.503941
-15.02857 3.271429 -9.503941
9.971428 3.271429 -9.503941
10.97143 3.271429 -9.503941
11.97143 3.271429 -9.503941
12.97143 3.271429 -9.503941
-17.02857 4.271429 -9.503941
-16.02857 4.271429 -9.503941
-15.02857 4.271429 -9.503941
-14.02857 4.271429 -9.503941
9.971428 4.271429 -9.503941
10.97143 4.271429 -9.503941
11.97143 4.271429 -9.503941
12.97143 4.271429 -9.503941
-16.02857 5.271429 -9.503941
-15.02857 5.271429 -9.503941
9.971428 5.271429 -9.503941
-15.02857 -8.728571 -8.503941
-15.02857 -7.728571 -8.503941
8.971428 -6.728571 -8.503941
10.97143 -5.728571 -8.503941
9.971428 -4.728571 -8.503941
10.97143 -4.728571 -8.503941
-18.02857 -3.728571 -8.503941
-17.02857 -3.728571 -8.503941
-16.02857 -3.728571 -8.503941
9.971428 -3.728571 -8.503941
10.97143 -3.728571 -8.503941
11.97143 -3.728571 -8.503941
-19.02857 -2.728571 -8.503941
-18.02857 -2.728571 -8.503941
-17.02857 -2.728571 -8.503941
-16.02857 -2.728571 -8.503941
-15.02857 -2.728571 -8.503941
9.971428 -2.728571 -8.503941
10.97143 -2.728571 -8.503941
11.97143 -2.728571 -8.503941
12.97143 -2.728571 -8.503941
-19.02857 -1.728571 -8.503941
-18.02857 -1.728571 -8.503941
-17.02857 -1.728571 -8.503941
-16.02857 -1.728571 -8.503941
-15.02857 -1.728571 -8.503941
9.971428 -1.728571 -8.503941
10.97143 -1.728571 -8.503941
11.97143 -1.728571 -8.503941
12.97143 -1.728571 -8.503941
-19.02857 -0.7285709 -8.503941
-18.02857 -0.7285709 -8.503941
-17.02857 -0.7285709 -8.503941
-16.02857 -0.7285709 -8.503941
-15.02857 -0.7285709 -8.503941
9.971428 -0.7285709 -8.503941
10.97143 -0.7285709 -8.503941
11.97143 -0.7285709 -8.503941
12.97143 -0.7285709 -8.503941
-19.02857 0.2714291 -8.503941
-18.02857 0.2714291 -8.503941
-17.02857 0.2714291 -8.503941
-16.02857 0.2714291 -8.503941
-15.02857 0.2714291 -8.503941
8.971428 0.2714291 -8.503941
9.971428 0.2714291 -8.503941
10.97143 0.2714291 -8.503941
11.97143 0.2714291 -8.503941
12.97143 0.2714291 -8.503941
-19.02857 1.271429 -8.503941
-18.02857 1.271429 -8.503941
-17.02857 1.271429 -8.503941
-16.02857 1.271429 -8.503941
-15.02857 1.271429 -8.503941
9.971428 1.271429 -8.503941
10.97143 1.271429 -8.503941
11.97143 1.271429 -8.503941
12.97143 1.271429 -8.503941
-19.02857 2.271429 -8.503941
-18.02857 2.271429 -8.503941
-17.02857 2.271429 -8.503941
-16.02857 2.271429 -8.503941
-15.02857 2.271429 -8.503941
9.971428 2.271429 -8.503941
10.97143 2.271429 -8.503941
11.97143 2.271429 -8.503941
12.97143 2.271429 -8.503941
13.97143 2.271429 -8.503941
-18.02857 3.271429 -8.503941
-17.02857 3.271429 -8.503941
-16.02857 3.271429 -8.503941
-15.02857 3.271429 -8.503941
9.971428 3.271429 -8.503941
10.97143 3.271429 -8.503941
11.97143 3.271429 -8.503941
12.97143 3.271429 -8.503941
-17.02857 4.271429 -8.503941
-16.02857 4.271429 -8.503941
9.971428 4.271429 -8.503941
10.97143 4.271429 -8.503941
11.97143 4.271429 -8.503941
12.97143 4.271429 -8.503941
10.97143 5.271429 -8.503941
-13.02857 -10.72857 -7.503941
-15.02857 -8.728571 -7.503941
-15.02857 -7.728571 -7.503941
-17.02857 -6.728571 -7.503941
-16.02857 -6.728571 -7.503941
8.971428 -6.728571 -7.503941
9.971428 -6.728571 -7.503941
-18.02857 -5.728571 -7.503941
8.971428 -5.728571 -7.503941
9.971428 -5.728571 -7.503941
10.97143 -5.728571 -7.503941
-18.02857 -4.728571 -7.503941
-17.02857 -4.728571 -7.503941
-16.02857 -4.728571 -7.503941
8.971428 -4.728571 -7.503941
9.971428 -4.728571 -7.503941
10.97143 -4.728571 -7.503941
11.97143 -4.728571 -7.503941
-19.02857 -3.728571 -7.503941
-18.02857 -3.728571 -7.503941
-17.02857 -3.728571 -7.503941
-16.02857 -3.728571 -7.503941
8.971428 -3.728571 -7.503941
9.971428 -3.728571 -7.503941
10.97143 -3.728571 -7.503941
11.97143 -3.728571 -7.503941
12.97143 -3.728571 -7.503941
-19.02857 -2.728571 -7.503941
-18.02857 -2.728571 -7.503941
-17.02857 -2.728571 -7.503941
-16.02857 -2.728571 -7.503941
-15.02857 -2.728571 -7.503941
8.971428 -2.728571 -7.503941
9.971428 -2.728571 -7.503941
10.97143 -2.728571 -7.503941
11.97143 -2.728571 -7.503941
12.97143 -2.728571 -7.503941
13.97143 -2.728571 -7.503941
-19.02857 -1.728571 -7.503941
-18.02857 -1.728571 -7.503941
-17.02857 -1.728571 -7.503941
-16.02857 -1.728571 -7.503941
-15.02857 -1.728571 -7.503941
8.971428 -1.728571 -7.503941
9.971428 -1.728571 -7.503941
10.97143 -1.728571 -7.503941
11.97143 -1.728571 -7.503941
12.97143 -1.728571 -7.503941
-19.02857 -0.7285709 -7.503941
-18.02857 -0.7285709 -7.503941
-17.02857 -0.7285709 -7.503941
-16.02857 -0.7285709 -7.503941
-15.02857 -0.7285709 -7.503941
9.971428 -0.7285709 -7.503941
10.97143 -0.7285709 -7.503941
11.97143 -0.7285709 -7.503941
12.97143 -0.7285709 -7.503941
-19.02857 0.2714291 -7.503941
-18.02857 0.2714291 -7.503941
-17.02857 0.2714291 -7.503941
-16.02857 0.2714291 -7.503941
-15.02857 0.2714291 -7.503941
9.971428 0.2714291 -7.503941
10.97143 0.2714291 -7.503941
11.97143 0.2714291 -7.503941
12.97143 0.2714291 -7.503941
-19.02857 1.271429 -7.503941
-18.02857 1.271429 -7.503941
-17.02857 1.271429 -7.503941
-16.02857 1.271429 -7.503941
-15.02857 1.271429 -7.503941
9.971428 1.271429 -7.503941
10.97143 1.271429 -7.503941
11.97143 1.271429 -7.503941
12.97143 1.271429 -7.503941
-19.02857 2.271429 -7.503941
-18.02857 2.271429 -7.503941
-17.02857 2.271429 -7.503941
-16.02857 2.271429 -7.503941
-15.02857 2.271429 -7.503941
9.971428 2.271429 -7.503941
10.97143 2.271429 -7.503941
11.97143 2.271429 -7.503941
12.97143 2.271429 -7.503941
10.97143 3.271429 -7.503941
11.97143 3.271429 -7.503941
12.97143 3.271429 -7.503941
10.97143 4.271429 -7.503941
11.97143 4.271429 -7.503941
4.971428 -12.72857 -6.503941
-12.02857 -11.72857 -6.503941
5.971428 -11.72857 -6.503941
6.971428 -11.72857 -6.503941
7.971428 -11.72857 -6.503941
-13.02857 -10.72857 -6.503941
6.971428 -10.72857 -6.503941
7.971428 -10.72857 -6.503941
7.971428 -9.728571 -6.503941
8.971428 -9.728571 -6.503941
-16.02857 -8.728571 -6.503941
-15.02857 -8.728571 -6.503941
8.971428 -8.728571 -6.503941
9.971428 -8.728571 -6.503941
-18.02857 -7.728571 -6.503941
-17.02857 -7.728571 -6.503941
-16.02857 -7.728571 -6.503941
-15.02857 -7.728571 -6.503941
8.971428 -7.728571 -6.503941
9.971428 -7.728571 -6.503941
10.97143 -7.728571 -6.503941
-18.02857 -6.728571 -6.503941
-17.02857 -6.728571 -6.503941
-16.02857 -6.728571 -6.503941
-15.02857 -6.728571 -6.503941
8.971428 -6.728571 -6.503941
9.971428 -6.728571 -6.503941
10.97143 -6.728571 -6.503941
11.97143 -6.728571 -6.503941
-19.02857 -5.728571 -6.503941
-18.02857 -5.728571 -6.503941
8.971428 -5.728571 -6.503941
9.971428 -5.728571 -6.503941
10.97143 -5.728571 -6.503941
11.97143 -5.728571 -6.503941
-19.02857 -4.728571 -6.503941
-18.02857 -4.728571 -6.503941
-17.02857 -4.728571 -6.503941
8.971428 -4.728571 -6.503941
9.971428 -4.728571 -6.503941
10.97143 -4.728571 -6.503941
11.97143 -4.728571 -6.503941
12.97143 -4.728571 -6.503941
-20.02857 -3.728571 -6.503941
-19.02857 -3.728571 -6.503941
-18.02857 -3.728571 -6.503941
-17.02857 -3.728571 -6.503941
-16.02857 -3.728571 -6.503941
-15.02857 -3.728571 -6.503941
8.971428 -3.728571 -6.503941
9.971428 -3.728571 -6.503941
10.97143 -3.728571 -6.503941
11.97143 -3.728571 -6.503941
12.97143 -3.728571 -6.503941
13.97143 -3.728571 -6.503941
-20.02857 -2.728571 -6.503941
-19.02857 -2.728571 -6.503941
-18.02857 -2.728571 -6.503941
-17.02857 -2.728571 -6.503941
-16.02857 -2.728571 -6.503941
-15.02857 -2.728571 -6.503941
8.971428 -2.728571 -6.503941
9.971428 -2.728571 -6.503941
10.97143 -2.728571 -6.503941
11.97143 -2.728571 -6.503941
12.97143 -2.728571 -6.503941
-20.02857 -1.728571 -6.503941
-19.02857 -1.728571 -6.503941
-18.02857 -1.728571 -6.503941
-17.02857 -1.728571 -6.503941
-16.02857 -1.728571 -6.503941
-15.02857 -1.728571 -6.503941
8.971428 -1.728571 -6.503941
9.971428 -1.728571 -6.503941
10.97143 -1.728571 -6.503941
11.97143 -1.728571 -6.503941
12.97143 -1.728571 -6.503941
-19.02857 -0.7285709 -6.503941
-18.02857 -0.7285709 -6.503941
-17.02857 -0.7285709 -6.503941
-16.02857 -0.7285709 -6.503941
-15.02857 -0.7285709 -6.503941
9.971428 -0.7285709 -6.503941
10.97143 -0.7285709 -6.503941
11.97143 -0.7285709 -6.503941
-19.02857 0.2714291 -6.503941
-18.02857 0.2714291 -6.503941
-17.02857 0.2714291 -6.503941
-16.02857 0.2714291 -6.503941
-15.02857 0.2714291 -6.503941
11.97143 0.2714291 -6.503941
-19.02857 1.271429 -6.503941
-18.02857 1.271429 -6.503941
-17.02857 1.271429 -6.503941
-16.02857 1.271429 -6.503941
11.97143 1.271429 -6.503941
12.97143 1.271429 -6.503941
-19.02857 2.271429 -6.503941
-18.02857 2.271429 -6.503941
-17.02857 2.271429 -6.503941
10.97143 2.271429 -6.503941
11.97143 2.271429 -6.503941
10.97143 3.271429 -6.503941
11.97143 3.271429 -6.503941
4.971428 -13.72857 -5.503941
-11.02857 -12.72857 -5.503941
4.971428 -12.72857 -5.503941
5.971428 -12.72857 -5.503941
6.971428 -12.72857 -5.503941
7.971428 -12.72857 -5.503941
-14.02857 -11.72857 -5.503941
-13.02857 -11.72857 -5.503941
-12.02857 -11.72857 -5.503941
5.971428 -11.72857 -5.503941
6.971428 -11.72857 -5.503941
7.971428 -11.72857 -5.503941
8.971428 -11.72857 -5.503941
-15.02857 -10.72857 -5.503941
-14.02857 -10.72857 -5.503941
6.971428 -10.72857 -5.503941
7.971428 -10.72857 -5.503941
8.971428 -10.72857 -5.503941
9.971428 -10.72857 -5.503941
-17.02857 -9.728571 -5.503941
-16.02857 -9.728571 -5.503941
-15.02857 -9.728571 -5.503941
7.971428 -9.728571 -5.503941
8.971428 -9.728571 -5.503941
9.971428 -9.728571 -5.503941
-18.02857 -8.728571 -5.503941
-17.02857 -8.728571 -5.503941
-16.02857 -8.728571 -5.503941
-15.02857 -8.728571 -5.503941
8.971428 -8.728571 -5.503941
9.971428 -8.728571 -5.503941
10.97143 -8.728571 -5.503941
-18.02857 -7.728571 -5.503941
-17.02857 -7.728571 -5.503941
-16.02857 -7.728571 -5.503941
-15.02857 -7.728571 -5.503941
8.971428 -7.728571 -5.503941
9.971428 -7.728571 -5.503941
10.97143 -7.728571 -5.503941
11.97143 -7.728571 -5.503941
-19.02857 -6.728571 -5.503941
-18.02857 -6.728571 -5.503941
-17.02857 -6.728571 -5.503941
-16.02857 -6.728571 -5.503941
-15.02857 -6.728571 -5.503941
8.971428 -6.728571 -5.503941
9.971428 -6.728571 -5.503941
10.97143 -6.728571 -5.503941
11.97143 -6.728571 -5.503941
12.97143 -6.728571 -5.503941
-19.02857 -5.728571 -5.503941
-18.02857 -5.728571 -5.503941
-17.02857 -5.728571 -5.503941
8.971428 -5.728571 -5.503941
9.971428 -5.728571 -5.503941
10.97143 -5.728571 -5.503941
11.97143 -5.728571 -5.503941
12.97143 -5.728571 -5.503941
-20.02857 -4.728571 -5.503941
-19.02857 -4.728571 -5.503941
-18.02857 -4.728571 -5.503941
-17.02857 -4.728571 -5.503941
-16.02857 -4.728571 -5.503941
-15.02857 -4.728571 -5.503941
8.971428 -4.728571 -5.503941
9.971428 -4.728571 -5.503941
10.97143 -4.728571 -5.503941
11.97143 -4.728571 -5.503941
12.97143 -4.728571 -5.503941
13.97143 -4.728571 -5.503941
-20.02857 -3.728571 -5.503941
-19.02857 -3.728571 -5.503941
-18.02857 -3.728571 -5.503941
-17.02857 -3.728571 -5.503941
-16.02857 -3.728571 -5.503941
-15.02857 -3.728571 -5.503941
8.971428 -3.728571 -5.503941
9.971428 -3.728571 -5.503941
10.97143 -3.728571 -5.503941
11.97143 -3.728571 -5.503941
12.97143 -3.728571 -5.503941
-20.02857 -2.728571 -5.503941
-19.02857 -2.728571 -5.503941
-18.02857 -2.728571 -5.503941
-17.02857 -2.728571 -5.503941
-16.02857 -2.728571 -5.503941
-15.02857 -2.728571 -5.503941
8.971428 -2.728571 -5.503941
9.971428 -2.728571 -5.503941
10.97143 -2.728571 -5.503941
11.97143 -2.728571 -5.503941
12.97143 -2.728571 -5.503941
-19.02857 -1.728571 -5.503941
-18.02857 -1.728571 -5.503941
-17.02857 -1.728571 -5.503941
-16.02857 -1.728571 -5.503941
-15.02857 -1.728571 -5.503941
8.971428 -1.728571 -5.503941
9.971428 -1.728571 -5.503941
10.97143 -1.728571 -5.503941
11.97143 -1.728571 -5.503941
-19.02857 -0.7285709 -5.503941
-18.02857 -0.7285709 -5.503941
-17.02857 -0.7285709 -5.503941
-16.02857 -0.7285709 -5.503941
9.971428 -0.7285709 -5.503941
10.97143 -0.7285709 -5.503941
11.97143 -0.7285709 -5.503941
-19.02857 0.2714291 -5.503941
-18.02857 0.2714291 -5.503941
-17.02857 0.2714291 -5.503941
-16.02857 0.2714291 -5.503941
10.97143 0.2714291 -5.503941
11.97143 0.2714291 -5.503941
-18.02857 1.271429 -5.503941
-17.02857 1.271429 -5.503941
-16.02857 1.271429 -5.503941
10.97143 1.271429 -5.503941
11.97143 1.271429 -5.503941
2.971428 -15.72857 -4.503941
-11.02857 -14.72857 -4.503941
-10.02857 -14.72857 -4.503941
3.971428 -14.72857 -4.503941
4.971428 -14.72857 -4.503941
5.971428 -14.72857 -4.503941
-14.02857 -13.72857 -4.503941
-13.02857 -13.72857 -4.503941
-12.02857 -13.72857 -4.503941
-11.02857 -13.72857 -4.503941
-10.02857 -13.72857 -4.503941
-9.028572 -13.72857 -4.503941
3.971428 -13.72857 -4.503941
4.971428 -13.72857 -4.503941
5.971428 -13.72857 -4.503941
6.971428 -13.72857 -4.503941
7.971428 -13.72857 -4.503941
-15.02857 -12.72857 -4.503941
-14.02857 -12.72857 -4.503941
-13.02857 -12.72857 -4.503941
-12.02857 -12.72857 -4.503941
-11.02857 -12.72857 -4.503941
4.971428 -12.72857 -4.503941
5.971428 -12.72857 -4.503941
6.971428 -12.72857 -4.503941
7.971428 -12.72857 -4.503941
8.971428 -12.72857 -4.503941
-16.02857 -11.72857 -4.503941
-15.02857 -11.72857 -4.503941
-14.02857 -11.72857 -4.503941
-13.02857 -11.72857 -4.503941
-12.02857 -11.72857 -4.503941
4.971428 -11.72857 -4.503941
5.971428 -11.72857 -4.503941
6.971428 -11.72857 -4.503941
7.971428 -11.72857 -4.503941
8.971428 -11.72857 -4.503941
9.971428 -11.72857 -4.503941
-17.02857 -10.72857 -4.503941
-16.02857 -10.72857 -4.503941
-15.02857 -10.72857 -4.503941
-14.02857 -10.72857 -4.503941
5.971428 -10.72857 -4.503941
6.971428 -10.72857 -4.503941
7.971428 -10.72857 -4.503941
8.971428 -10.72857 -4.503941
9.971428 -10.72857 -4.503941
-18.02857 -9.728571 -4.503941
-17.02857 -9.728571 -4.503941
-16.02857 -9.728571 -4.503941
-15.02857 -9.728571 -4.503941
7.971428 -9.728571 -4.503941
8.971428 -9.728571 -4.503941
9.971428 -9.728571 -4.503941
10.97143 -9.728571 -4.503941
-18.02857 -8.728571 -4.503941
-17.02857 -8.728571 -4.503941
-16.02857 -8.728571 -4.503941
-15.02857 -8.728571 -4.503941
8.971428 -8.728571 -4.503941
9.971428 -8.728571 -4.503941
10.97143 -8.728571 -4.503941
11.97143 -8.728571 -4.503941
-18.02857 -7.728571 -4.503941
-17.02857 -7.728571 -4.503941
-16.02857 -7.728571 -4.503941
-15.02857 -7.728571 -4.503941
8.971428 -7.728571 -4.503941
9.971428 -7.728571 -4.503941
10.97143 -7.728571 -4.503941
11.97143 -7.728571 -4.503941
-19.02857 -6.728571 -4.503941
-18.02857 -6.728571 -4.503941
-17.02857 -6.728571 -4.503941
-16.02857 -6.728571 -4.503941
-15.02857 -6.728571 -4.503941
8.971428 -6.728571 -4.503941
9.971428 -6.728571 -4.503941
10.97143 -6.728571 -4.503941
11.97143 -6.728571 -4.503941
12.97143 -6.728571 -4.503941
-20.02857 -5.728571 -4.503941
-19.02857 -5.728571 -4.503941
-18.02857 -5.728571 -4.503941
-17.02857 -5.728571 -4.503941
-16.02857 -5.728571 -4.503941
8.971428 -5.728571 -4.503941
9.971428 -5.728571 -4.503941
10.97143 -5.728571 -4.503941
11.97143 -5.728571 -4.503941
12.97143 -5.728571 -4.503941
13.97143 -5.728571 -4.503941
-20.02857 -4.728571 -4.503941
-19.02857 -4.728571 -4.503941
-18.02857 -4.728571 -4.503941
-17.02857 -4.728571 -4.503941
-16.02857 -4.728571 -4.503941
8.971428 -4.728571 -4.503941
9.971428 -4.728571 -4.503941
10.97143 -4.728571 -4.503941
11.97143 -4.728571 -4.503941
12.97143 -4.728571 -4.503941
13.97143 -4.728571 -4.503941
-20.02857 -3.728571 -4.503941
-19.02857 -3.728571 -4.503941
-18.02857 -3.728571 -4.503941
-17.02857 -3.728571 -4.503941
-16.02857 -3.728571 -4.503941
-15.02857 -3.728571 -4.503941
8.971428 -3.728571 -4.503941
9.971428 -3.728571 -4.503941
10.97143 -3.728571 -4.503941
11.97143 -3.728571 -4.503941
12.97143 -3.728571 -4.503941
-19.02857 -2.728571 -4.503941
-18.02857 -2.728571 -4.503941
-17.02857 -2.728571 -4.503941
-16.02857 -2.728571 -4.503941
-15.02857 -2.728571 -4.503941
8.971428 -2.728571 -4.503941
9.971428 -2.728571 -4.503941
10.97143 -2.728571 -4.503941
11.97143 -2.728571 -4.503941
-19.02857 -1.728571 -4.503941
-18.02857 -1.728571 -4.503941
-17.02857 -1.728571 -4.503941
-16.02857 -1.728571 -4.503941
8.971428 -1.728571 -4.503941
9.971428 -1.728571 -4.503941
10.97143 -1.728571 -4.503941
-18.02857 -0.7285709 -4.503941
-17.02857 -0.7285709 -4.503941
-16.02857 -0.7285709 -4.503941
9.971428 -0.7285709 -4.503941
10.97143 -0.7285709 -4.503941
-17.02857 0.2714291 -4.503941
9.971428 0.2714291 -4.503941
10.97143 0.2714291 -4.503941
3.971428 18.27143 -4.503941
4.971428 18.27143 -4.503941
3.971428 19.27143 -4.503941
4.971428 19.27143 -4.503941
5.971428 19.27143 -4.503941
3.971428 20.27143 -4.503941
4.971428 20.27143 -4.503941
-10.02857 -15.72857 -3.503941
-9.028572 -15.72857 -3.503941
-8.028572 -15.72857 -3.503941
2.971428 -15.72857 -3.503941
3.971428 -15.72857 -3.503941
-13.02857 -14.72857 -3.503941
-12.02857 -14.72857 -3.503941
-11.02857 -14.72857 -3.503941
-10.02857 -14.72857 -3.503941
-9.028572 -14.72857 -3.503941
-8.028572 -14.72857 -3.503941
-7.028572 -14.72857 -3.503941
2.971428 -14.72857 -3.503941
3.971428 -14.72857 -3.503941
4.971428 -14.72857 -3.503941
5.971428 -14.72857 -3.503941
6.971428 -14.72857 -3.503941
-15.02857 -13.72857 -3.503941
-14.02857 -13.72857 -3.503941
-13.02857 -13.72857 -3.503941
-12.02857 -13.72857 -3.503941
-11.02857 -13.72857 -3.503941
-10.02857 -13.72857 -3.503941
-9.028572 -13.72857 -3.503941
3.971428 -13.72857 -3.503941
4.971428 -13.72857 -3.503941
5.971428 -13.72857 -3.503941
6.971428 -13.72857 -3.503941
7.971428 -13.72857 -3.503941
8.971428 -13.72857 -3.503941
-16.02857 -12.72857 -3.503941
-15.02857 -12.72857 -3.503941
-14.02857 -12.72857 -3.503941
-13.02857 -12.72857 -3.503941
-12.02857 -12.72857 -3.503941
-11.02857 -12.72857 -3.503941
-10.02857 -12.72857 -3.503941
4.971428 -12.72857 -3.503941
5.971428 -12.72857 -3.503941
6.971428 -12.72857 -3.503941
7.971428 -12.72857 -3.503941
8.971428 -12.72857 -3.503941
9.971428 -12.72857 -3.503941
-17.02857 -11.72857 -3.503941
-16.02857 -11.72857 -3.503941
-15.02857 -11.72857 -3.503941
-14.02857 -11.72857 -3.503941
-13.02857 -11.72857 -3.503941
-12.02857 -11.72857 -3.503941
4.971428 -11.72857 -3.503941
5.971428 -11.72857 -3.503941
6.971428 -11.72857 -3.503941
7.971428 -11.72857 -3.503941
8.971428 -11.72857 -3.503941
9.971428 -11.72857 -3.503941
-18.02857 -10.72857 -3.503941
-17.02857 -10.72857 -3.503941
-16.02857 -10.72857 -3.503941
-15.02857 -10.72857 -3.503941
-14.02857 -10.72857 -3.503941
5.971428 -10.72857 -3.503941
6.971428 -10.72857 -3.503941
7.971428 -10.72857 -3.503941
8.971428 -10.72857 -3.503941
9.971428 -10.72857 -3.503941
10.97143 -10.72857 -3.503941
-18.02857 -9.728571 -3.503941
-17.02857 -9.728571 -3.503941
-16.02857 -9.728571 -3.503941
-15.02857 -9.728571 -3.503941
6.971428 -9.728571 -3.503941
7.971428 -9.728571 -3.503941
8.971428 -9.728571 -3.503941
9.971428 -9.728571 -3.503941
10.97143 -9.728571 -3.503941
11.97143 -9.728571 -3.503941
-19.02857 -8.728571 -3.503941
-18.02857 -8.728571 -3.503941
-17.02857 -8.728571 -3.503941
-16.02857 -8.728571 -3.503941
-15.02857 -8.728571 -3.503941
7.971428 -8.728571 -3.503941
8.971428 -8.728571 -3.503941
9.971428 -8.728571 -3.503941
10.97143 -8.728571 -3.503941
11.97143 -8.728571 -3.503941
-19.02857 -7.728571 -3.503941
-18.02857 -7.728571 -3.503941
-17.02857 -7.728571 -3.503941
-16.02857 -7.728571 -3.503941
-15.02857 -7.728571 -3.503941
8.971428 -7.728571 -3.503941
9.971428 -7.728571 -3.503941
10.97143 -7.728571 -3.503941
11.97143 -7.728571 -3.503941
12.97143 -7.728571 -3.503941
-19.02857 -6.728571 -3.503941
-18.02857 -6.728571 -3.503941
-17.02857 -6.728571 -3.503941
-16.02857 -6.728571 -3.503941
8.971428 -6.728571 -3.503941
9.971428 -6.728571 -3.503941
10.97143 -6.728571 -3.503941
11.97143 -6.728571 -3.503941
12.97143 -6.728571 -3.503941
13.97143 -6.728571 -3.503941
-20.02857 -5.728571 -3.503941
-19.02857 -5.728571 -3.503941
-18.02857 -5.728571 -3.503941
-17.02857 -5.728571 -3.503941
-16.02857 -5.728571 -3.503941
8.971428 -5.728571 -3.503941
9.971428 -5.728571 -3.503941
10.97143 -5.728571 -3.503941
11.97143 -5.728571 -3.503941
12.97143 -5.728571 -3.503941
13.97143 -5.728571 -3.503941
-20.02857 -4.728571 -3.503941
-19.02857 -4.728571 -3.503941
-18.02857 -4.728571 -3.503941
-17.02857 -4.728571 -3.503941
-16.02857 -4.728571 -3.503941
8.971428 -4.728571 -3.503941
9.971428 -4.728571 -3.503941
10.97143 -4.728571 -3.503941
11.97143 -4.728571 -3.503941
12.97143 -4.728571 -3.503941
13.97143 -4.728571 -3.503941
-19.02857 -3.728571 -3.503941
-18.02857 -3.728571 -3.503941
-17.02857 -3.728571 -3.503941
-16.02857 -3.728571 -3.503941
8.971428 -3.728571 -3.503941
9.971428 -3.728571 -3.503941
10.97143 -3.728571 -3.503941
11.97143 -3.728571 -3.503941
12.97143 -3.728571 -3.503941
-19.02857 -2.728571 -3.503941
-18.02857 -2.728571 -3.503941
-17.02857 -2.728571 -3.503941
-16.02857 -2.728571 -3.503941
8.971428 -2.728571 -3.503941
9.971428 -2.728571 -3.503941
10.97143 -2.728571 -3.503941
11.97143 -2.728571 -3.503941
-18.02857 -1.728571 -3.503941
-17.02857 -1.728571 -3.503941
8.971428 -1.728571 -3.503941
9.971428 -1.728571 -3.503941
10.97143 -1.728571 -3.503941
3.971428 17.27143 -3.503941
4.971428 17.27143 -3.503941
2.971428 18.27143 -3.503941
3.971428 18.27143 -3.503941
4.971428 18.27143 -3.503941
5.971428 18.27143 -3.503941
2.971428 19.27143 -3.503941
3.971428 19.27143 -3.503941
4.971428 19.27143 -3.503941
5.971428 19.27143 -3.503941
2.971428 20.27143 -3.503941
3.971428 20.27143 -3.503941
4.971428 20.27143 -3.503941
2.971428 21.27143 -3.503941
3.971428 21.27143 -3.503941
3.971428 22.27143 -3.503941
1.971428 -16.72857 -2.503941
2.971428 -16.72857 -2.503941
-12.02857 -15.72857 -2.503941
-11.02857 -15.72857 -2.503941
-10.02857 -15.72857 -2.503941
-9.028572 -15.72857 -2.503941
-8.028572 -15.72857 -2.503941
-7.028572 -15.72857 -2.503941
2.971428 -15.72857 -2.503941
3.971428 -15.72857 -2.503941
4.971428 -15.72857 -2.503941
-13.02857 -14.72857 -2.503941
-12.02857 -14.72857 -2.503941
-11.02857 -14.72857 -2.503941
-10.02857 -14.72857 -2.503941
-9.028572 -14.72857 -2.503941
-8.028572 -14.72857 -2.503941
-7.028572 -14.72857 -2.503941
2.971428 -14.72857 -2.503941
3.971428 -14.72857 -2.503941
4.971428 -14.72857 -2.503941
5.971428 -14.72857 -2.503941
6.971428 -14.72857 -2.503941
-15.02857 -13.72857 -2.503941
-14.02857 -13.72857 -2.503941
-13.02857 -13.72857 -2.503941
-12.02857 -13.72857 -2.503941
-11.02857 -13.72857 -2.503941
-10.02857 -13.72857 -2.503941
-9.028572 -13.72857 -2.503941
-8.028572 -13.72857 -2.503941
3.971428 -13.72857 -2.503941
4.971428 -13.72857 -2.503941
5.971428 -13.72857 -2.503941
6.971428 -13.72857 -2.503941
7.971428 -13.72857 -2.503941
8.971428 -13.72857 -2.503941
-16.02857 -12.72857 -2.503941
-15.02857 -12.72857 -2.503941
-14.02857 -12.72857 -2.503941
-13.02857 -12.72857 -2.503941
-12.02857 -12.72857 -2.503941
-11.02857 -12.72857 -2.503941
-10.02857 -12.72857 -2.503941
-9.028572 -12.72857 -2.503941
4.971428 -12.72857 -2.503941
5.971428 -12.72857 -2.503941
6.971428 -12.72857 -2.503941
7.971428 -12.72857 -2.503941
8.971428 -12.72857 -2.503941
9.971428 -12.72857 -2.503941
-17.02857 -11.72857 -2.503941
-16.02857 -11.72857 -2.503941
-15.02857 -11.72857 -2.503941
-14.02857 -11.72857 -2.503941
-13.02857 -11.72857 -2.503941
-12.02857 -11.72857 -2.503941
-11.02857 -11.72857 -2.503941
4.971428 -11.72857 -2.503941
5.971428 -11.72857 -2.503941
6.971428 -11.72857 -2.503941
7.971428 -11.72857 -2.503941
8.971428 -11.72857 -2.503941
9.971428 -11.72857 -2.503941
10.97143 -11.72857 -2.503941
-17.02857 -10.72857 -2.503941
-16.02857 -10.72857 -2.503941
-15.02857 -10.72857 -2.503941
-14.02857 -10.72857 -2.503941
-13.02857 -10.72857 -2.503941
-12.02857 -10.72857 -2.503941
5.971428 -10.72857 -2.503941
6.971428 -10.72857 -2.503941
7.971428 -10.72857 -2.503941
8.971428 -10.72857 -2.503941
9.971428 -10.72857 -2.503941
10.97143 -10.72857 -2.503941
-18.02857 -9.728571 -2.503941
-17.02857 -9.728571 -2.503941
-16.02857 -9.728571 -2.503941
-15.02857 -9.728571 -2.503941
-14.02857 -9.728571 -2.503941
6.971428 -9.728571 -2.503941
7.971428 -9.728571 -2.503941
8.971428 -9.728571 -2.503941
9.971428 -9.728571 -2.503941
10.97143 -9.728571 -2.503941
11.97143 -9.728571 -2.503941
-19.02857 -8.728571 -2.503941
-18.02857 -8.728571 -2.503941
-17.02857 -8.728571 -2.503941
-16.02857 -8.728571 -2.503941
-15.02857 -8.728571 -2.503941
7.971428 -8.728571 -2.503941
8.971428 -8.728571 -2.503941
9.971428 -8.728571 -2.503941
10.97143 -8.728571 -2.503941
11.97143 -8.728571 -2.503941
12.97143 -8.728571 -2.503941
-19.02857 -7.728571 -2.503941
-18.02857 -7.728571 -2.503941
-17.02857 -7.728571 -2.503941
-16.02857 -7.728571 -2.503941
-15.02857 -7.728571 -2.503941
7.971428 -7.728571 -2.503941
8.971428 -7.728571 -2.503941
9.971428 -7.728571 -2.503941
10.97143 -7.728571 -2.503941
11.97143 -7.728571 -2.503941
12.97143 -7.728571 -2.503941
-20.02857 -6.728571 -2.503941
-19.02857 -6.728571 -2.503941
-18.02857 -6.728571 -2.503941
-17.02857 -6.728571 -2.503941
-16.02857 -6.728571 -2.503941
8.971428 -6.728571 -2.503941
9.971428 -6.728571 -2.503941
10.97143 -6.728571 -2.503941
11.97143 -6.728571 -2.503941
12.97143 -6.728571 -2.503941
13.97143 -6.728571 -2.503941
-20.02857 -5.728571 -2.503941
-19.02857 -5.728571 -2.503941
-18.02857 -5.728571 -2.503941
-17.02857 -5.728571 -2.503941
-16.02857 -5.728571 -2.503941
8.971428 -5.728571 -2.503941
9.971428 -5.728571 -2.503941
10.97143 -5.728571 -2.503941
11.97143 -5.728571 -2.503941
12.97143 -5.728571 -2.503941
13.97143 -5.728571 -2.503941
-20.02857 -4.728571 -2.503941
-19.02857 -4.728571 -2.503941
-18.02857 -4.728571 -2.503941
-17.02857 -4.728571 -2.503941
-16.02857 -4.728571 -2.503941
8.971428 -4.728571 -2.503941
9.971428 -4.728571 -2.503941
10.97143 -4.728571 -2.503941
11.97143 -4.728571 -2.503941
12.97143 -4.728571 -2.503941
13.97143 -4.728571 -2.503941
-19.02857 -3.728571 -2.503941
-18.02857 -3.728571 -2.503941
-17.02857 -3.728571 -2.503941
-16.02857 -3.728571 -2.503941
8.971428 -3.728571 -2.503941
9.971428 -3.728571 -2.503941
10.97143 -3.728571 -2.503941
11.97143 -3.728571 -2.503941
12.97143 -3.728571 -2.503941
-18.02857 -2.728571 -2.503941
-17.02857 -2.728571 -2.503941
-16.02857 -2.728571 -2.503941
8.971428 -2.728571 -2.503941
9.971428 -2.728571 -2.503941
10.97143 -2.728571 -2.503941
3.971428 17.27143 -2.503941
4.971428 17.27143 -2.503941
2.971428 18.27143 -2.503941
3.971428 18.27143 -2.503941
4.971428 18.27143 -2.503941
5.971428 18.27143 -2.503941
1.971428 19.27143 -2.503941
2.971428 19.27143 -2.503941
3.971428 19.27143 -2.503941
4.971428 19.27143 -2.503941
5.971428 19.27143 -2.503941
2.971428 20.27143 -2.503941
3.971428 20.27143 -2.503941
4.971428 20.27143 -2.503941
2.971428 21.27143 -2.503941
3.971428 21.27143 -2.503941
4.971428 21.27143 -2.503941
2.971428 22.27143 -2.503941
3.971428 22.27143 -2.503941
4.971428 22.27143 -2.503941
3.971428 23.27143 -2.503941
-9.028572 -16.72857 -1.503941
-8.028572 -16.72857 -1.503941
0.9714279 -16.72857 -1.503941
1.971428 -16.72857 -1.503941
2.971428 -16.72857 -1.503941
3.971428 -16.72857 -1.503941
-12.02857 -15.72857 -1.503941
-11.02857 -15.72857 -1.503941
-10.02857 -15.72857 -1.503941
-9.028572 -15.72857 -1.503941
-8.028572 -15.72857 -1.503941
-7.028572 -15.72857 -1.503941
0.9714279 -15.72857 -1.503941
1.971428 -15.72857 -1.503941
2.971428 -15.72857 -1.503941
3.971428 -15.72857 -1.503941
4.971428 -15.72857 -1.503941
-13.02857 -14.72857 -1.503941
-12.02857 -14.72857 -1.503941
-11.02857 -14.72857 -1.503941
-10.02857 -14.72857 -1.503941
-9.028572 -14.72857 -1.503941
-8.028572 -14.72857 -1.503941
-7.028572 -14.72857 -1.503941
1.971428 -14.72857 -1.503941
2.971428 -14.72857 -1.503941
3.971428 -14.72857 -1.503941
4.971428 -14.72857 -1.503941
5.971428 -14.72857 -1.503941
6.971428 -14.72857 -1.503941
7.971428 -14.72857 -1.503941
-15.02857 -13.72857 -1.503941
-14.02857 -13.72857 -1.503941
-13.02857 -13.72857 -1.503941
-12.02857 -13.72857 -1.503941
-11.02857 -13.72857 -1.503941
-10.02857 -13.72857 -1.503941
-9.028572 -13.72857 -1.503941
-8.028572 -13.72857 -1.503941
3.971428 -13.72857 -1.503941
4.971428 -13.72857 -1.503941
5.971428 -13.72857 -1.503941
6.971428 -13.72857 -1.503941
7.971428 -13.72857 -1.503941
8.971428 -13.72857 -1.503941
-16.02857 -12.72857 -1.503941
-15.02857 -12.72857 -1.503941
-14.02857 -12.72857 -1.503941
-13.02857 -12.72857 -1.503941
-12.02857 -12.72857 -1.503941
-11.02857 -12.72857 -1.503941
-10.02857 -12.72857 -1.503941
-9.028572 -12.72857 -1.503941
4.971428 -12.72857 -1.503941
5.971428 -12.72857 -1.503941
6.971428 -12.72857 -1.503941
7.971428 -12.72857 -1.503941
8.971428 -12.72857 -1.503941
9.971428 -12.72857 -1.503941
-16.02857 -11.72857 -1.503941
-15.02857 -11.72857 -1.503941
-14.02857 -11.72857 -1.503941
-13.02857 -11.72857 -1.503941
-12.02857 -11.72857 -1.503941
-11.02857 -11.72857 -1.503941
4.971428 -11.72857 -1.503941
5.971428 -11.72857 -1.503941
6.971428 -11.72857 -1.503941
7.971428 -11.72857 -1.503941
8.971428 -11.72857 -1.503941
9.971428 -11.72857 -1.503941
10.97143 -11.72857 -1.503941
-18.02857 -10.72857 -1.503941
-17.02857 -10.72857 -1.503941
-16.02857 -10.72857 -1.503941
-15.02857 -10.72857 -1.503941
-14.02857 -10.72857 -1.503941
-13.02857 -10.72857 -1.503941
-12.02857 -10.72857 -1.503941
5.971428 -10.72857 -1.503941
6.971428 -10.72857 -1.503941
7.971428 -10.72857 -1.503941
8.971428 -10.72857 -1.503941
9.971428 -10.72857 -1.503941
10.97143 -10.72857 -1.503941
-18.02857 -9.728571 -1.503941
-17.02857 -9.728571 -1.503941
-16.02857 -9.728571 -1.503941
-15.02857 -9.728571 -1.503941
-14.02857 -9.728571 -1.503941
-13.02857 -9.728571 -1.503941
6.971428 -9.728571 -1.503941
7.971428 -9.728571 -1.503941
8.971428 -9.728571 -1.503941
9.971428 -9.728571 -1.503941
10.97143 -9.728571 -1.503941
11.97143 -9.728571 -1.503941
-19.02857 -8.728571 -1.503941
-18.02857 -8.728571 -1.503941
-17.02857 -8.728571 -1.503941
-16.02857 -8.728571 -1.503941
-15.02857 -8.728571 -1.503941
-14.02857 -8.728571 -1.503941
7.971428 -8.728571 -1.503941
8.971428 -8.728571 -1.503941
9.971428 -8.728571 -1.503941
10.97143 -8.728571 -1.503941
11.97143 -8.728571 -1.503941
12.97143 -8.728571 -1.503941
-20.02857 -7.728571 -1.503941
-19.02857 -7.728571 -1.503941
-18.02857 -7.728571 -1.503941
-17.02857 -7.728571 -1.503941
-16.02857 -7.728571 -1.503941
-15.02857 -7.728571 -1.503941
7.971428 -7.728571 -1.503941
8.971428 -7.728571 -1.503941
9.971428 -7.728571 -1.503941
10.97143 -7.728571 -1.503941
11.97143 -7.728571 -1.503941
12.97143 -7.728571 -1.503941
-20.02857 -6.728571 -1.503941
-19.02857 -6.728571 -1.503941
-18.02857 -6.728571 -1.503941
-17.02857 -6.728571 -1.503941
-16.02857 -6.728571 -1.503941
8.971428 -6.728571 -1.503941
9.971428 -6.728571 -1.503941
10.97143 -6.728571 -1.503941
11.97143 -6.728571 -1.503941
12.97143 -6.728571 -1.503941
13.97143 -6.728571 -1.503941
-21.02857 -5.728571 -1.503941
-20.02857 -5.728571 -1.503941
-19.02857 -5.728571 -1.503941
-18.02857 -5.728571 -1.503941
-17.02857 -5.728571 -1.503941
-16.02857 -5.728571 -1.503941
8.971428 -5.728571 -1.503941
9.971428 -5.728571 -1.503941
10.97143 -5.728571 -1.503941
11.97143 -5.728571 -1.503941
12.97143 -5.728571 -1.503941
13.97143 -5.728571 -1.503941
14.97143 -5.728571 -1.503941
-20.02857 -4.728571 -1.503941
-19.02857 -4.728571 -1.503941
-18.02857 -4.728571 -1.503941
-17.02857 -4.728571 -1.503941
-16.02857 -4.728571 -1.503941
7.971428 -4.728571 -1.503941
8.971428 -4.728571 -1.503941
9.971428 -4.728571 -1.503941
10.97143 -4.728571 -1.503941
11.97143 -4.728571 -1.503941
12.97143 -4.728571 -1.503941
13.97143 -4.728571 -1.503941
-19.02857 -3.728571 -1.503941
-18.02857 -3.728571 -1.503941
-17.02857 -3.728571 -1.503941
8.971428 -3.728571 -1.503941
9.971428 -3.728571 -1.503941
10.97143 -3.728571 -1.503941
11.97143 -3.728571 -1.503941
12.97143 -3.728571 -1.503941
9.971428 -2.728571 -1.503941
10.97143 -2.728571 -1.503941
4.971428 16.27143 -1.503941
3.971428 17.27143 -1.503941
4.971428 17.27143 -1.503941
2.971428 18.27143 -1.503941
3.971428 18.27143 -1.503941
4.971428 18.27143 -1.503941
5.971428 18.27143 -1.503941
1.971428 19.27143 -1.503941
2.971428 19.27143 -1.503941
3.971428 19.27143 -1.503941
4.971428 19.27143 -1.503941
5.971428 19.27143 -1.503941
1.971428 20.27143 -1.503941
2.971428 20.27143 -1.503941
3.971428 20.27143 -1.503941
4.971428 20.27143 -1.503941
2.971428 21.27143 -1.503941
3.971428 21.27143 -1.503941
4.971428 21.27143 -1.503941
2.971428 22.27143 -1.503941
3.971428 22.27143 -1.503941
4.971428 22.27143 -1.503941
3.971428 23.27143 -1.503941
-9.028572 -16.72857 -0.5039406
-8.028572 -16.72857 -0.5039406
1.971428 -16.72857 -0.5039406
2.971428 -16.72857 -0.5039406
3.971428 -16.72857 -0.5039406
-12.02857 -15.72857 -0.5039406
-11.02857 -15.72857 -0.5039406
-10.02857 -15.72857 -0.5039406
-9.028572 -15.72857 -0.5039406
-8.028572 -15.72857 -0.5039406
-7.028572 -15.72857 -0.5039406
1.971428 -15.72857 -0.5039406
2.971428 -15.72857 -0.5039406
3.971428 -15.72857 -0.5039406
4.971428 -15.72857 -0.5039406
5.971428 -15.72857 -0.5039406
-13.02857 -14.72857 -0.5039406
-12.02857 -14.72857 -0.5039406
-11.02857 -14.72857 -0.5039406
-10.02857 -14.72857 -0.5039406
-9.028572 -14.72857 -0.5039406
-8.028572 -14.72857 -0.5039406
1.971428 -14.72857 -0.5039406
2.971428 -14.72857 -0.5039406
3.971428 -14.72857 -0.5039406
4.971428 -14.72857 -0.5039406
5.971428 -14.72857 -0.5039406
6.971428 -14.72857 -0.5039406
7.971428 -14.72857 -0.5039406
-15.02857 -13.72857 -0.5039406
-14.02857 -13.72857 -0.5039406
-13.02857 -13.72857 -0.5039406
-12.02857 -13.72857 -0.5039406
-11.02857 -13.72857 -0.5039406
-10.02857 -13.72857 -0.5039406
-9.028572 -13.72857 -0.5039406
4.971428 -13.72857 -0.5039406
5.971428 -13.72857 -0.5039406
6.971428 -13.72857 -0.5039406
7.971428 -13.72857 -0.5039406
8.971428 -13.72857 -0.5039406
-16.02857 -12.72857 -0.5039406
-15.02857 -12.72857 -0.5039406
-14.02857 -12.72857 -0.5039406
-13.02857 -12.72857 -0.5039406
-12.02857 -12.72857 -0.5039406
-11.02857 -12.72857 -0.5039406
-10.02857 -12.72857 -0.5039406
4.971428 -12.72857 -0.5039406
5.971428 -12.72857 -0.5039406
6.971428 -12.72857 -0.5039406
7.971428 -12.72857 -0.5039406
8.971428 -12.72857 -0.5039406
9.971428 -12.72857 -0.5039406
-17.02857 -11.72857 -0.5039406
-16.02857 -11.72857 -0.5039406
-15.02857 -11.72857 -0.5039406
-14.02857 -11.72857 -0.5039406
-13.02857 -11.72857 -0.5039406
-12.02857 -11.72857 -0.5039406
-11.02857 -11.72857 -0.5039406
-10.02857 -11.72857 -0.5039406
4.971428 -11.72857 -0.5039406
5.971428 -11.72857 -0.5039406
6.971428 -11.72857 -0.5039406
7.971428 -11.72857 -0.5039406
8.971428 -11.72857 -0.5039406
9.971428 -11.72857 -0.5039406
10.97143 -11.72857 -0.5039406
-18.02857 -10.72857 -0.5039406
-17.02857 -10.72857 -0.5039406
-16.02857 -10.72857 -0.5039406
-15.02857 -10.72857 -0.5039406
-14.02857 -10.72857 -0.5039406
-13.02857 -10.72857 -0.5039406
-12.02857 -10.72857 -0.5039406
-11.02857 -10.72857 -0.5039406
5.971428 -10.72857 -0.5039406
6.971428 -10.72857 -0.5039406
7.971428 -10.72857 -0.5039406
8.971428 -10.72857 -0.5039406
9.971428 -10.72857 -0.5039406
10.97143 -10.72857 -0.5039406
-19.02857 -9.728571 -0.5039406
-18.02857 -9.728571 -0.5039406
-17.02857 -9.728571 -0.5039406
-16.02857 -9.728571 -0.5039406
-15.02857 -9.728571 -0.5039406
-14.02857 -9.728571 -0.5039406
-13.02857 -9.728571 -0.5039406
7.971428 -9.728571 -0.5039406
8.971428 -9.728571 -0.5039406
9.971428 -9.728571 -0.5039406
10.97143 -9.728571 -0.5039406
11.97143 -9.728571 -0.5039406
-19.02857 -8.728571 -0.5039406
-18.02857 -8.728571 -0.5039406
-17.02857 -8.728571 -0.5039406
-16.02857 -8.728571 -0.5039406
-15.02857 -8.728571 -0.5039406
-14.02857 -8.728571 -0.5039406
7.971428 -8.728571 -0.5039406
8.971428 -8.728571 -0.5039406
9.971428 -8.728571 -0.5039406
10.97143 -8.728571 -0.5039406
11.97143 -8.728571 -0.5039406
12.97143 -8.728571 -0.5039406
-20.02857 -7.728571 -0.5039406
-19.02857 -7.728571 -0.5039406
-18.02857 -7.728571 -0.5039406
-17.02857 -7.728571 -0.5039406
-16.02857 -7.728571 -0.5039406
-15.02857 -7.728571 -0.5039406
-14.02857 -7.728571 -0.5039406
9.971428 -7.728571 -0.5039406
10.97143 -7.728571 -0.5039406
11.97143 -7.728571 -0.5039406
12.97143 -7.728571 -0.5039406
13.97143 -7.728571 -0.5039406
-20.02857 -6.728571 -0.5039406
-19.02857 -6.728571 -0.5039406
-18.02857 -6.728571 -0.5039406
-17.02857 -6.728571 -0.5039406
-16.02857 -6.728571 -0.5039406
9.971428 -6.728571 -0.5039406
10.97143 -6.728571 -0.5039406
11.97143 -6.728571 -0.5039406
12.97143 -6.728571 -0.5039406
13.97143 -6.728571 -0.5039406
-20.02857 -5.728571 -0.5039406
-19.02857 -5.728571 -0.5039406
-18.02857 -5.728571 -0.5039406
-17.02857 -5.728571 -0.5039406
-16.02857 -5.728571 -0.5039406
7.971428 -5.728571 -0.5039406
8.971428 -5.728571 -0.5039406
9.971428 -5.728571 -0.5039406
10.97143 -5.728571 -0.5039406
11.97143 -5.728571 -0.5039406
12.97143 -5.728571 -0.5039406
13.97143 -5.728571 -0.5039406
-17.02857 -4.728571 -0.5039406
8.971428 -4.728571 -0.5039406
9.971428 -4.728571 -0.5039406
10.97143 -4.728571 -0.5039406
11.97143 -4.728571 -0.5039406
12.97143 -4.728571 -0.5039406
13.97143 -4.728571 -0.5039406
9.971428 -3.728571 -0.5039406
10.97143 -3.728571 -0.5039406
11.97143 -3.728571 -0.5039406
3.971428 16.27143 -0.5039406
4.971428 16.27143 -0.5039406
3.971428 17.27143 -0.5039406
4.971428 17.27143 -0.5039406
2.971428 18.27143 -0.5039406
3.971428 18.27143 -0.5039406
4.971428 18.27143 -0.5039406
1.971428 19.27143 -0.5039406
2.971428 19.27143 -0.5039406
3.971428 19.27143 -0.5039406
4.971428 19.27143 -0.5039406
2.971428 20.27143 -0.5039406
3.971428 20.27143 -0.5039406
4.971428 20.27143 -0.5039406
2.971428 21.27143 -0.5039406
3.971428 21.27143 -0.5039406
4.971428 21.27143 -0.5039406
2.971428 22.27143 -0.5039406
3.971428 22.27143 -0.5039406
4.971428 22.27143 -0.5039406
5.971428 26.27143 -0.5039406
5.971428 27.27143 -0.5039406
6.971428 27.27143 -0.5039406
7.971428 27.27143 -0.5039406
-9.028572 -16.72857 0.4960594
1.971428 -16.72857 0.4960594
2.971428 -16.72857 0.4960594
-12.02857 -15.72857 0.4960594
-11.02857 -15.72857 0.4960594
-10.02857 -15.72857 0.4960594
-9.028572 -15.72857 0.4960594
-8.028572 -15.72857 0.4960594
1.971428 -15.72857 0.4960594
2.971428 -15.72857 0.4960594
3.971428 -15.72857 0.4960594
4.971428 -15.72857 0.4960594
5.971428 -15.72857 0.4960594
-13.02857 -14.72857 0.4960594
-12.02857 -14.72857 0.4960594
-11.02857 -14.72857 0.4960594
-10.02857 -14.72857 0.4960594
-9.028572 -14.72857 0.4960594
2.971428 -14.72857 0.4960594
4.971428 -14.72857 0.4960594
5.971428 -14.72857 0.4960594
6.971428 -14.72857 0.4960594
-14.02857 -13.72857 0.4960594
-13.02857 -13.72857 0.4960594
-12.02857 -13.72857 0.4960594
-11.02857 -13.72857 0.4960594
-10.02857 -13.72857 0.4960594
5.971428 -13.72857 0.4960594
6.971428 -13.72857 0.4960594
7.971428 -13.72857 0.4960594
8.971428 -13.72857 0.4960594
-15.02857 -12.72857 0.4960594
-14.02857 -12.72857 0.4960594
-13.02857 -12.72857 0.4960594
-12.02857 -12.72857 0.4960594
-11.02857 -12.72857 0.4960594
-10.02857 -12.72857 0.4960594
4.971428 -12.72857 0.4960594
5.971428 -12.72857 0.4960594
6.971428 -12.72857 0.4960594
7.971428 -12.72857 0.4960594
8.971428 -12.72857 0.4960594
9.971428 -12.72857 0.4960594
-16.02857 -11.72857 0.4960594
-15.02857 -11.72857 0.4960594
-14.02857 -11.72857 0.4960594
-13.02857 -11.72857 0.4960594
-12.02857 -11.72857 0.4960594
-11.02857 -11.72857 0.4960594
5.971428 -11.72857 0.4960594
6.971428 -11.72857 0.4960594
7.971428 -11.72857 0.4960594
8.971428 -11.72857 0.4960594
9.971428 -11.72857 0.4960594
-18.02857 -10.72857 0.4960594
-17.02857 -10.72857 0.4960594
-16.02857 -10.72857 0.4960594
-15.02857 -10.72857 0.4960594
-14.02857 -10.72857 0.4960594
-13.02857 -10.72857 0.4960594
-12.02857 -10.72857 0.4960594
9.971428 -10.72857 0.4960594
-19.02857 -9.728571 0.4960594
-18.02857 -9.728571 0.4960594
-17.02857 -9.728571 0.4960594
-16.02857 -9.728571 0.4960594
-15.02857 -9.728571 0.4960594
-14.02857 -9.728571 0.4960594
11.97143 -9.728571 0.4960594
-19.02857 -8.728571 0.4960594
-18.02857 -8.728571 0.4960594
-17.02857 -8.728571 0.4960594
-16.02857 -8.728571 0.4960594
-15.02857 -8.728571 0.4960594
-14.02857 -8.728571 0.4960594
11.97143 -8.728571 0.4960594
12.97143 -8.728571 0.4960594
-20.02857 -7.728571 0.4960594
-19.02857 -7.728571 0.4960594
-14.02857 -7.728571 0.4960594
10.97143 -7.728571 0.4960594
11.97143 -7.728571 0.4960594
12.97143 -7.728571 0.4960594
13.97143 -7.728571 0.4960594
-20.02857 -6.728571 0.4960594
-19.02857 -6.728571 0.4960594
9.971428 -6.728571 0.4960594
10.97143 -6.728571 0.4960594
11.97143 -6.728571 0.4960594
12.97143 -6.728571 0.4960594
13.97143 -6.728571 0.4960594
9.971428 -5.728571 0.4960594
10.97143 -5.728571 0.4960594
11.97143 -5.728571 0.4960594
12.97143 -5.728571 0.4960594
13.97143 -5.728571 0.4960594
9.971428 -4.728571 0.4960594
10.97143 -4.728571 0.4960594
11.97143 -4.728571 0.4960594
12.97143 -4.728571 0.4960594
3.971428 16.27143 0.4960594
4.971428 16.27143 0.4960594
3.971428 17.27143 0.4960594
4.971428 17.27143 0.4960594
2.971428 18.27143 0.4960594
3.971428 18.27143 0.4960594
4.971428 18.27143 0.4960594
2.971428 19.27143 0.4960594
3.971428 19.27143 0.4960594
4.971428 19.27143 0.4960594
2.971428 20.27143 0.4960594
3.971428 20.27143 0.4960594
4.971428 20.27143 0.4960594
2.971428 21.27143 0.4960594
3.971428 21.27143 0.4960594
4.971428 21.27143 0.4960594
2.971428 22.27143 0.4960594
3.971428 22.27143 0.4960594
5.971428 25.27143 0.4960594
5.971428 26.27143 0.4960594
6.971428 26.27143 0.4960594
5.971428 27.27143 0.4960594
6.971428 27.27143 0.4960594
7.971428 27.27143 0.4960594
3.971428 28.27143 0.4960594
4.971428 28.27143 0.4960594
-11.02857 -15.72857 1.496059
-10.02857 -15.72857 1.496059
3.971428 -15.72857 1.496059
4.971428 -15.72857 1.496059
-12.02857 -14.72857 1.496059
-11.02857 -14.72857 1.496059
-10.02857 -14.72857 1.496059
4.971428 -14.72857 1.496059
5.971428 -14.72857 1.496059
6.971428 -14.72857 1.496059
-14.02857 -13.72857 1.496059
-13.02857 -13.72857 1.496059
-12.02857 -13.72857 1.496059
-11.02857 -13.72857 1.496059
5.971428 -13.72857 1.496059
6.971428 -13.72857 1.496059
7.971428 -13.72857 1.496059
-15.02857 -12.72857 1.496059
-14.02857 -12.72857 1.496059
-13.02857 -12.72857 1.496059
-12.02857 -12.72857 1.496059
-11.02857 -12.72857 1.496059
5.971428 -12.72857 1.496059
6.971428 -12.72857 1.496059
7.971428 -12.72857 1.496059
8.971428 -12.72857 1.496059
-15.02857 -11.72857 1.496059
-14.02857 -11.72857 1.496059
-13.02857 -11.72857 1.496059
-12.02857 -11.72857 1.496059
-11.02857 -11.72857 1.496059
6.971428 -11.72857 1.496059
7.971428 -11.72857 1.496059
-12.02857 -10.72857 1.496059
-15.02857 -9.728571 1.496059
-15.02857 -8.728571 1.496059
11.97143 -6.728571 1.496059
12.97143 -6.728571 1.496059
13.97143 -6.728571 1.496059
10.97143 -5.728571 1.496059
11.97143 -5.728571 1.496059
-0.02857208 12.27143 1.496059
-0.02857208 13.27143 1.496059
0.9714279 13.27143 1.496059
3.971428 16.27143 1.496059
4.971428 16.27143 1.496059
3.971428 17.27143 1.496059
4.971428 17.27143 1.496059
2.971428 18.27143 1.496059
3.971428 18.27143 1.496059
4.971428 18.27143 1.496059
2.971428 19.27143 1.496059
3.971428 19.27143 1.496059
4.971428 19.27143 1.496059
2.971428 20.27143 1.496059
3.971428 20.27143 1.496059
4.971428 20.27143 1.496059
2.971428 21.27143 1.496059
3.971428 21.27143 1.496059
5.971428 25.27143 1.496059
5.971428 26.27143 1.496059
5.971428 27.27143 1.496059
6.971428 27.27143 1.496059
3.971428 28.27143 1.496059
4.971428 28.27143 1.496059
3.971428 29.27143 1.496059
-13.02857 -13.72857 2.496059
-12.02857 -13.72857 2.496059
6.971428 -13.72857 2.496059
7.971428 -13.72857 2.496059
-13.02857 -12.72857 2.496059
-12.02857 -12.72857 2.496059
-11.02857 -12.72857 2.496059
7.971428 -12.72857 2.496059
-12.02857 -11.72857 2.496059
-0.02857208 13.27143 2.496059
0.9714279 13.27143 2.496059
0.9714279 14.27143 2.496059
3.971428 16.27143 2.496059
3.971428 17.27143 2.496059
4.971428 17.27143 2.496059
3.971428 18.27143 2.496059
4.971428 18.27143 2.496059
2.971428 19.27143 2.496059
3.971428 19.27143 2.496059
4.971428 19.27143 2.496059
2.971428 20.27143 2.496059
3.971428 20.27143 2.496059
4.971428 20.27143 2.496059
2.971428 21.27143 2.496059
3.971428 21.27143 2.496059
5.971428 26.27143 2.496059
-0.02857208 13.27143 3.496059
0.9714279 13.27143 3.496059
3.971428 16.27143 3.496059
2.971428 17.27143 3.496059
3.971428 17.27143 3.496059
3.971428 18.27143 3.496059
4.971428 18.27143 3.496059
16.97143 18.27143 3.496059
17.97143 18.27143 3.496059
3.971428 19.27143 3.496059
4.971428 19.27143 3.496059
16.97143 19.27143 3.496059
17.97143 19.27143 3.496059
3.971428 20.27143 3.496059
5.971428 26.27143 3.496059
16.97143 17.27143 4.496059
3.971428 18.27143 4.496059
15.97143 18.27143 4.496059
16.97143 18.27143 4.496059
17.97143 18.27143 4.496059
3.971428 19.27143 4.496059
4.971428 19.27143 4.496059
16.97143 19.27143 4.496059
17.97143 19.27143 4.496059
15.97143 17.27143 5.496059
16.97143 17.27143 5.496059
15.97143 18.27143 5.496059
16.97143 18.27143 5.496059
17.97143 18.27143 5.496059
16.97143 19.27143 5.496059
17.97143 19.27143 5.496059
15.97143 17.27143 6.496059
16.97143 17.27143 6.496059
15.97143 18.27143 6.496059
16.97143 18.27143 6.496059
17.97143 18.27143 6.496059
16.97143 19.27143 6.496059
17.97143 19.27143 6.496059
13.97143 17.27143 7.496059
14.97143 17.27143 7.496059
15.97143 17.27143 7.496059
16.97143 17.27143 7.496059
12.97143 18.27143 7.496059
13.97143 18.27143 7.496059
14.97143 18.27143 7.496059
15.97143 18.27143 7.496059
16.97143 18.27143 7.496059
17.97143 18.27143 7.496059
11.97143 19.27143 7.496059
12.97143 19.27143 7.496059
13.97143 19.27143 7.496059
14.97143 19.27143 7.496059
15.97143 19.27143 7.496059
16.97143 19.27143 7.496059
11.97143 20.27143 7.496059
12.97143 20.27143 7.496059
13.97143 20.27143 7.496059
14.97143 20.27143 7.496059
5.971428 -4.728571 8.496059
13.97143 17.27143 8.496059
14.97143 17.27143 8.496059
15.97143 17.27143 8.496059
11.97143 18.27143 8.496059
12.97143 18.27143 8.496059
13.97143 18.27143 8.496059
14.97143 18.27143 8.496059
15.97143 18.27143 8.496059
16.97143 18.27143 8.496059
10.97143 19.27143 8.496059
11.97143 19.27143 8.496059
12.97143 19.27143 8.496059
13.97143 19.27143 8.496059
14.97143 19.27143 8.496059
15.97143 19.27143 8.496059
10.97143 20.27143 8.496059
11.97143 20.27143 8.496059
12.97143 20.27143 8.496059
13.97143 20.27143 8.496059
14.97143 20.27143 8.496059
13.97143 21.27143 8.496059
14.97143 21.27143 8.496059
5.971428 -5.728571 9.496059
4.971428 -4.728571 9.496059
5.971428 -4.728571 9.496059
4.971428 -3.728571 9.496059
5.971428 -3.728571 9.496059
6.971428 -3.728571 9.496059
5.971428 -2.728571 9.496059
6.971428 -2.728571 9.496059
13.97143 17.27143 9.496059
14.97143 17.27143 9.496059
15.97143 17.27143 9.496059
11.97143 18.27143 9.496059
12.97143 18.27143 9.496059
13.97143 18.27143 9.496059
14.97143 18.27143 9.496059
15.97143 18.27143 9.496059
10.97143 19.27143 9.496059
11.97143 19.27143 9.496059
12.97143 19.27143 9.496059
13.97143 19.27143 9.496059
14.97143 19.27143 9.496059
15.97143 19.27143 9.496059
11.97143 20.27143 9.496059
12.97143 20.27143 9.496059
13.97143 20.27143 9.496059
14.97143 20.27143 9.496059
12.97143 21.27143 9.496059
13.97143 21.27143 9.496059
14.97143 21.27143 9.496059
5.971428 -2.728571 10.49606
12.97143 16.27143 10.49606
13.97143 16.27143 10.49606
12.97143 17.27143 10.49606
13.97143 17.27143 10.49606
14.97143 17.27143 10.49606
15.97143 17.27143 10.49606
10.97143 18.27143 10.49606
11.97143 18.27143 10.49606
12.97143 18.27143 10.49606
13.97143 18.27143 10.49606
14.97143 18.27143 10.49606
15.97143 18.27143 10.49606
10.97143 19.27143 10.49606
11.97143 19.27143 10.49606
12.97143 19.27143 10.49606
13.97143 19.27143 10.49606
14.97143 19.27143 10.49606
15.97143 19.27143 10.49606
12.97143 20.27143 10.49606
13.97143 20.27143 10.49606
14.97143 20.27143 10.49606
13.97143 21.27143 10.49606
5.971428 -2.728571 11.49606
5.971428 -1.728571 11.49606
11.97143 15.27143 11.49606
12.97143 15.27143 11.49606
13.97143 15.27143 11.49606
11.97143 16.27143 11.49606
12.97143 16.27143 11.49606
13.97143 16.27143 11.49606
14.97143 16.27143 11.49606
11.97143 17.27143 11.49606
12.97143 17.27143 11.49606
13.97143 17.27143 11.49606
14.97143 17.27143 11.49606
15.97143 17.27143 11.49606
10.97143 18.27143 11.49606
11.97143 18.27143 11.49606
12.97143 18.27143 11.49606
13.97143 18.27143 11.49606
14.97143 18.27143 11.49606
15.97143 18.27143 11.49606
11.97143 19.27143 11.49606
12.97143 19.27143 11.49606
13.97143 19.27143 11.49606
14.97143 19.27143 11.49606
12.97143 20.27143 11.49606
13.97143 20.27143 11.49606
14.97143 20.27143 11.49606
13.97143 21.27143 11.49606
4.971428 -2.728571 12.49606
5.971428 -2.728571 12.49606
6.971428 2.271429 12.49606
13.97143 14.27143 12.49606
11.97143 15.27143 12.49606
12.97143 15.27143 12.49606
13.97143 15.27143 12.49606
14.97143 15.27143 12.49606
10.97143 16.27143 12.49606
11.97143 16.27143 12.49606
12.97143 16.27143 12.49606
13.97143 16.27143 12.49606
14.97143 16.27143 12.49606
15.97143 16.27143 12.49606
10.97143 17.27143 12.49606
11.97143 17.27143 12.49606
12.97143 17.27143 12.49606
13.97143 17.27143 12.49606
14.97143 17.27143 12.49606
15.97143 17.27143 12.49606
10.97143 18.27143 12.49606
11.97143 18.27143 12.49606
12.97143 18.27143 12.49606
13.97143 18.27143 12.49606
14.97143 18.27143 12.49606
15.97143 18.27143 12.49606
11.97143 19.27143 12.49606
12.97143 19.27143 12.49606
13.97143 19.27143 12.49606
14.97143 19.27143 12.49606
12.97143 20.27143 12.49606
13.97143 20.27143 12.49606
14.97143 20.27143 12.49606
5.971428 -3.728571 13.49606
4.971428 -2.728571 13.49606
5.971428 -2.728571 13.49606
4.971428 -1.728571 13.49606
5.971428 1.271429 13.49606
4.971428 2.271429 13.49606
5.971428 2.271429 13.49606
6.971428 2.271429 13.49606
4.971428 3.271429 13.49606
5.971428 3.271429 13.49606
6.971428 3.271429 13.49606
7.971428 3.271429 13.49606
5.971428 4.271429 13.49606
6.971428 4.271429 13.49606
7.971428 4.271429 13.49606
6.971428 5.271429 13.49606
7.971428 5.271429 13.49606
12.97143 14.27143 13.49606
13.97143 14.27143 13.49606
11.97143 15.27143 13.49606
12.97143 15.27143 13.49606
13.97143 15.27143 13.49606
14.97143 15.27143 13.49606
10.97143 16.27143 13.49606
11.97143 16.27143 13.49606
12.97143 16.27143 13.49606
13.97143 16.27143 13.49606
14.97143 16.27143 13.49606
15.97143 16.27143 13.49606
10.97143 17.27143 13.49606
11.97143 17.27143 13.49606
12.97143 17.27143 13.49606
13.97143 17.27143 13.49606
14.97143 17.27143 13.49606
15.97143 17.27143 13.49606
10.97143 18.27143 13.49606
11.97143 18.27143 13.49606
12.97143 18.27143 13.49606
13.97143 18.27143 13.49606
14.97143 18.27143 13.49606
15.97143 18.27143 13.49606
11.97143 19.27143 13.49606
12.97143 19.27143 13.49606
13.97143 19.27143 13.49606
14.97143 19.27143 13.49606
12.97143 20.27143 13.49606
13.97143 20.27143 13.49606
14.97143 20.27143 13.49606
14.97143 21.27143 13.49606
4.971428 -3.728571 14.49606
5.971428 -3.728571 14.49606
4.971428 -2.728571 14.49606
4.971428 0.2714291 14.49606
5.971428 0.2714291 14.49606
4.971428 1.271429 14.49606
5.971428 1.271429 14.49606
4.971428 2.271429 14.49606
5.971428 2.271429 14.49606
6.971428 2.271429 14.49606
5.971428 3.271429 14.49606
6.971428 3.271429 14.49606
7.971428 3.271429 14.49606
6.971428 4.271429 14.49606
7.971428 4.271429 14.49606
13.97143 14.27143 14.49606
11.97143 15.27143 14.49606
12.97143 15.27143 14.49606
13.97143 15.27143 14.49606
14.97143 15.27143 14.49606
11.97143 16.27143 14.49606
12.97143 16.27143 14.49606
13.97143 16.27143 14.49606
14.97143 16.27143 14.49606
11.97143 17.27143 14.49606
12.97143 17.27143 14.49606
13.97143 17.27143 14.49606
14.97143 17.27143 14.49606
15.97143 17.27143 14.49606
10.97143 18.27143 14.49606
11.97143 18.27143 14.49606
12.97143 18.27143 14.49606
13.97143 18.27143 14.49606
14.97143 18.27143 14.49606
11.97143 19.27143 14.49606
12.97143 19.27143 14.49606
13.97143 19.27143 14.49606
14.97143 19.27143 14.49606
13.97143 20.27143 14.49606
14.97143 20.27143 14.49606
4.971428 -3.728571 15.49606
5.971428 -0.7285709 15.49606
6.971428 -0.7285709 15.49606
4.971428 0.2714291 15.49606
5.971428 0.2714291 15.49606
4.971428 1.271429 15.49606
5.971428 1.271429 15.49606
6.971428 2.271429 15.49606
6.971428 3.271429 15.49606
13.97143 15.27143 15.49606
14.97143 15.27143 15.49606
12.97143 16.27143 15.49606
13.97143 16.27143 15.49606
14.97143 16.27143 15.49606
11.97143 17.27143 15.49606
12.97143 17.27143 15.49606
13.97143 17.27143 15.49606
14.97143 17.27143 15.49606
10.97143 18.27143 15.49606
11.97143 18.27143 15.49606
12.97143 18.27143 15.49606
13.97143 18.27143 15.49606
14.97143 18.27143 15.49606
11.97143 19.27143 15.49606
12.97143 19.27143 15.49606
13.97143 19.27143 15.49606
13.97143 20.27143 15.49606
6.971428 -1.728571 16.49606
7.971428 -1.728571 16.49606
5.971428 -0.7285709 16.49606
6.971428 -0.7285709 16.49606
7.971428 -0.7285709 16.49606
8.971428 -0.7285709 16.49606
5.971428 0.2714291 16.49606
6.971428 0.2714291 16.49606
13.97143 16.27143 16.49606
14.97143 16.27143 16.49606
12.97143 17.27143 16.49606
13.97143 17.27143 16.49606
11.97143 18.27143 16.49606
12.97143 18.27143 16.49606
13.97143 18.27143 16.49606
11.97143 19.27143 16.49606
12.97143 19.27143 16.49606
13.97143 19.27143 16.49606
-2.028572 20.27143 16.49606
12.97143 20.27143 16.49606
-3.028572 21.27143 16.49606
-2.028572 21.27143 16.49606
-1.028572 21.27143 16.49606
-3.028572 22.27143 16.49606
-2.028572 22.27143 16.49606
-1.028572 22.27143 16.49606
8.971428 -0.7285709 17.49606
12.97143 17.27143 17.49606
13.97143 17.27143 17.49606
11.97143 18.27143 17.49606
12.97143 18.27143 17.49606
12.97143 19.27143 17.49606
-3.028572 20.27143 17.49606
-2.028572 20.27143 17.49606
-1.028572 20.27143 17.49606
-4.028572 21.27143 17.49606
-3.028572 21.27143 17.49606
-2.028572 21.27143 17.49606
-1.028572 21.27143 17.49606
-0.02857208 21.27143 17.49606
-3.028572 22.27143 17.49606
-2.028572 22.27143 17.49606
-1.028572 22.27143 17.49606
-1.028572 18.27143 18.49606
-3.028572 19.27143 18.49606
-2.028572 19.27143 18.49606
-1.028572 19.27143 18.49606
-0.02857208 19.27143 18.49606
-3.028572 20.27143 18.49606
-2.028572 20.27143 18.49606
-1.028572 20.27143 18.49606
-0.02857208 20.27143 18.49606
-4.028572 21.27143 18.49606
-3.028572 21.27143 18.49606
-2.028572 21.27143 18.49606
-1.028572 21.27143 18.49606
-3.028572 22.27143 18.49606
-2.028572 22.27143 18.49606
-1.028572 22.27143 18.49606
-2.028572 18.27143 19.49606
-1.028572 18.27143 19.49606
-0.02857208 18.27143 19.49606
-3.028572 19.27143 19.49606
-2.028572 19.27143 19.49606
-1.028572 19.27143 19.49606
-0.02857208 19.27143 19.49606
-4.028572 20.27143 19.49606
-3.028572 20.27143 19.49606
-2.028572 20.27143 19.49606
-1.028572 20.27143 19.49606
-4.028572 21.27143 19.49606
-3.028572 21.27143 19.49606
-2.028572 21.27143 19.49606
-1.028572 21.27143 19.49606
-3.028572 22.27143 19.49606
-2.028572 22.27143 19.49606
-2.028572 17.27143 20.49606
-1.028572 17.27143 20.49606
-3.028572 18.27143 20.49606
-2.028572 18.27143 20.49606
-1.028572 18.27143 20.49606
-0.02857208 18.27143 20.49606
-3.028572 19.27143 20.49606
-2.028572 19.27143 20.49606
-1.028572 19.27143 20.49606
-0.02857208 19.27143 20.49606
-4.028572 20.27143 20.49606
-3.028572 20.27143 20.49606
-2.028572 20.27143 20.49606
-1.028572 20.27143 20.49606
-4.028572 21.27143 20.49606
-3.028572 21.27143 20.49606
-2.028572 21.27143 20.49606
-1.028572 21.27143 20.49606
-2.028572 17.27143 21.49606
-1.028572 17.27143 21.49606
-3.028572 18.27143 21.49606
-2.028572 18.27143 21.49606
-1.028572 18.27143 21.49606
-0.02857208 18.27143 21.49606
-3.028572 19.27143 21.49606
-2.028572 19.27143 21.49606
-1.028572 19.27143 21.49606
-0.02857208 19.27143 21.49606
-5.028572 20.27143 21.49606
-4.028572 20.27143 21.49606
-3.028572 20.27143 21.49606
-2.028572 20.27143 21.49606
-1.028572 20.27143 21.49606
-3.028572 21.27143 21.49606
-2.028572 21.27143 21.49606
-1.028572 21.27143 21.49606
-2.028572 18.27143 22.49606
-1.028572 18.27143 22.49606
-3.028572 19.27143 22.49606
-2.028572 19.27143 22.49606
-1.028572 19.27143 22.49606
-3.028572 20.27143 22.49606
-2.028572 20.27143 22.49606
-1.028572 20.27143 22.49606
-3.028572 21.27143 22.49606
-2.028572 21.27143 22.49606
-2.028572 20.27143 23.49606
-2.028572 21.27143 23.49606